00001 -1
00002 -1
00017 -1
00018 -1
00024 -1
00030 -1
00043 -1
00045 -1
00048 -1
00052 -1
00056 -1
00057 -1
00058 -1
00064 -1
00074 -1
00078 -1
00079 -1
00080 -1
00086 -1
00095 -1
00104 -1
00106 -1
00117 -1
00119 -1
00131 -1
00145 -1
00148 -1
00151 -1
00153 -1
00157 -1
00158 -1
00159 -1
00160 -1
00164 -1
00165 -1
00168 -1
00173 -1
00177 -1
00179 -1
00181 -1
00182 -1
00184 -1
00186 -1
00189 -1
00193 -1
00198 -1
00205 -1
00211 -1
00212 -1
00214 -1
00219 -1
00227 -1
00234 -1
00239 -1
00240 -1
00241 -1
00246 -1
00248 -1
00252 -1
00254 -1
00256 -1
00261 -1
00262 -1
00265 -1
00269 -1
00275 -1
00282 -1
00286 -1
00293 -1
00297 -1
00298 -1
00301 -1
00306 -1
00307 -1
00312 -1
00313 -1
00317 -1
00318 -1
00320 -1
00325 -1
00329 -1
00335 -1
00343 -1
00360 -1
00361 -1
00362 -1
00363 -1
00364 -1
00367 -1
00368 -1
00370 -1
00390 -1
00395 -1
00400 -1
00402 -1
00403 -1
00407 -1
00411 -1
00415 -1
00421 -1
00422 -1
00424 -1
00426 -1
00429 -1
00432 -1
00434 -1
00435 -1
00442 -1
00444 -1
00450 -1
00453 -1
00457 -1
00460 -1
00464 -1
00466 -1
00475 -1
00477 -1
00483 -1
00484 -1
00485 -1
00488 -1
00493 -1
00494 -1
00506 -1
00511 -1
00520 -1
00521 -1
00528 -1
00532 -1
00538 -1
00539 -1
00541 -1
00542 -1
00544 -1
00552 -1
00553 -1
00557 -1
00558 -1
00559 -1
00563 -1
00564 -1
00567 -1
00569 -1
00575 -1
00584 -1
00588 -1
00589 -1
00593 -1
00594 -1
00595 -1
00597 -1
00612 -1
00617 -1
00627 -1
00631 -1
00641 -1
00643 -1
00644 -1
00650 -1
00653 -1
00657 -1
00667 -1
00673 -1
00682 -1
00689 -1
00693 -1
00694 -1
00699 -1
00700 -1
00704 -1
00708 -1
00710 -1
00717 -1
00721 -1
00722 -1
00724 -1
00725 -1
00726 -1
00727 -1
00729 -1
00734 -1
00740 -1
00743 -1
00744 -1
00747 -1
00748 -1
00752 -1
00754 -1
00762 -1
00764 -1
00768 -1
00769 -1
00775 -1
00778 -1
00780 -1
00787 -1
00799 -1
00800 -1
00802 -1
00808 -1
00821 -1
00824 -1
00827 -1
00830 -1
00834 -1
00837 -1
00838 -1
00840 -1
00841 -1
00855 -1
00856 -1
00859 -1
00863 -1
00867 -1
00870 -1
00878 -1
00885 -1
00887 -1
00894 -1
00901 -1
00910 -1
00915 -1
00917 -1
00924 -1
00927 -1
00936 -1
00952 -1
00955 -1
00959 -1
00962 -1
00963 -1
00967 -1
00975 -1
00977 -1
00979 -1
00996 -1
01014 -1
01015 -1
01020 -1
01023 -1
01029 -1
01032 -1
01033 -1
01037 -1
01038 -1
01039 -1
01043 -1
01044 -1
01047 -1
01054 -1
01056 -1
01058 -1
01059 -1
01072 -1
01081 -1
01083 -1
01090 -1
01094 -1
01097 -1
01100 -1
01103 -1
01104 -1
01106 -1
01109 -1
01119 -1
01120 -1
01122 -1
01128 -1
01129 -1
01134 -1
01135 -1
01138 -1
01145 -1
01155 -1
01156 -1
01157 -1
01159 -1
01169 -1
01180 -1
01182 -1
01187 -1
01190 -1
01200 -1
01208 -1
01209 -1
01211 -1
01215 -1
01218 -1
01219 -1
01221 -1
01224 -1
01231 -1
01234 -1
01237 -1
01238 -1
01240 -1
01261 -1
01266 -1
01267 -1
01275 -1
01277 -1
01285 -1
01288 -1
01292 -1
01297 -1
01299 -1
01305 -1
01311 -1
01315 -1
01316 -1
01322 -1
01324 -1
01326 -1
01330 -1
01331 -1
01333 -1
01335 -1
01345 -1
01353 -1
01355 -1
01359 -1
01363 -1
01364 -1
01368 -1
01375 -1
01377 -1
01383 -1
01385 -1
01386 -1
01396 -1
01402 -1
01403 -1
01406 -1
01409 -1
01415 -1
01423 -1
01426 -1
01427 -1
01431 -1
01432 -1
01436 -1
01442 -1
01443 -1
01444 -1
01445 -1
01460 -1
01462 -1
01469 -1
01470 -1
01471 -1
01481 -1
01485 -1
01488 -1
01489 -1
01498 -1
01501 -1
01509 -1
01514 -1
01518 -1
01520 -1
01524 -1
01529 -1
01535 -1
01537 -1
01540 -1
01543 -1
01545 -1
01552 -1
01553 -1
01556 -1
01557 -1
01558 -1
01561 -1
01563 -1
01567 -1
01568 -1
01571 -1
01573 -1
01578 -1
01584 -1
01586 -1
01588 -1
01589 -1
01602 -1
01603 -1
01604 -1
01605 -1
01608 -1
01612 -1
01617 -1
01620 -1
01625 -1
01627 -1
01632 -1
01640 -1
01646 -1
01648 -1
01651 -1
01653 -1
01656 -1
01660 -1
01666 -1
01674 -1
01678 -1
01680 -1
01685 -1
01687 -1
01705 -1
01706 -1
01712 -1
01716 -1
01717 -1
01718 -1
01719 -1
01724 -1
01739 -1
01747 -1
01748 -1
01750 -1
01760 -1
01766 -1
01769 -1
01776 -1
01780 -1
01791 -1
01793 -1
01795 -1
01798 -1
01800 -1
01802 -1
01803 -1
01804 -1
01817 -1
01818 -1
01821 -1
01822 -1
01835 -1
01836 -1
01842 -1
01844 -1
01845 -1
01847 -1
01850 -1
01859 -1
01861 -1
01871 -1
01883 -1
01886 -1
01889 -1
01894 -1
01899 -1
01904 -1
01913 -1
01924 -1
01925 -1
01932 -1
01936 -1
01941 -1
01942 -1
01952 -1
01953 -1
01956 -1
01969 -1
01982 -1
01983 -1
01987 -1
01988 -1
01993 -1
01998 -1
01999 -1
02005 -1
02008 -1
02009 -1
02010 -1
02016 -1
02022 -1
02023 -1
02026 -1
02028 -1
02030 -1
02031 -1
02033 -1
02034 -1
02035 -1
02037 -1
02041 -1
02043 -1
02048 -1
02051 -1
02053 -1
02054 -1
02055 -1
02057 -1
02059 -1
02063 -1
02065 -1
02070 -1
02074 -1
02081 -1
02088 -1
02090 -1
02094 -1
02100 -1
02101 -1
02109 -1
02112 -1
02116 -1
02118 -1
02119 -1
02130 -1
02132 -1
02135 -1
02140 -1
02142 -1
02143 -1
02164 -1
02167 -1
02168 -1
02179 -1
02186 -1
02187 -1
02190 -1
02202 -1
02203 -1
02206 -1
02208 -1
02212 -1
02220 -1
02224 -1
02226 -1
02228 -1
02239 -1
02244 -1
02245 -1
02250 -1
02251 -1
02255 -1
02256 -1
02258 -1
02260 -1
02264 -1
02267 -1
02268 -1
02270 -1
02272 -1
02273 -1
02274 -1
02280 -1
02283 -1
02284 -1
02286 -1
02290 -1
02291 -1
02292 -1
02303 -1
02306 -1
02313 -1
02316 -1
02318 -1
02319 -1
02325 -1
02326 -1
02332 -1
02344 -1
02348 -1
02351 -1
02357 -1
02364 -1
02368 -1
02369 -1
02370 -1
02376 -1
02379 -1
02382 -1
02383 -1
02384 -1
02391 -1
02396 -1
02398 -1
02399 -1
02401 -1
02404 -1
02411 -1
02412 -1
02415 -1
02419 -1
02420 -1
02421 -1
02424 -1
02429 -1
02437 -1
02438 -1
02443 -1
02444 -1
02445 -1
02448 -1
02457 -1
02459 -1
02463 -1
02466 -1
02471 -1
02481 -1
02489 -1
02501 -1
02502 -1
02503 -1
02505 -1
02514 -1
02517 -1
02520 -1
02529 -1
02538 -1
02541 -1
02548 -1
02549 -1
02551 -1
02552 -1
02553 -1
02558 -1
02565 -1
02566 -1
02571 -1
02572 -1
02574 -1
02581 -1
02582 -1
02583 -1
02586 -1
02587 -1
02591 -1
02606 -1
02617 -1
02623 -1
02624 -1
02626 -1
02630 -1
02633 -1
02636 -1
02637 -1
02639 -1
02642 -1
02643 -1
02646 -1
02649 -1
02656 -1
02659 -1
02662 -1
02663 -1
02666 -1
02667 -1
02668 -1
02671 -1
02672 -1
02676 -1
02680 -1
02683 -1
02687 -1
02689 -1
02690 -1
02694 -1
02697 -1
02698 -1
02700 -1
02706 -1
02709 -1
02714 -1
02715 -1
02717 -1
02718 -1
02721 -1
02726 -1
02731 -1
02733 -1
02737 -1
02739 -1
02750 -1
02752 -1
02754 -1
02757 -1
02763 -1
02764 -1
02768 -1
02770 -1
02772 -1
02773 -1
02780 -1
02781 -1
02788 -1
02790 -1
02806 -1
02817 -1
02827 -1
02833 -1
02845 -1
02849 -1
02851 -1
02854 -1
02858 -1
02859 -1
02860 -1
02862 -1
02873 -1
02874 -1
02896 -1
02899 -1
02900 -1
02901 -1
02906 -1
02911 -1
02912 -1
02915 -1
02920 -1
02925 -1
02926 -1
02927 -1
02928 -1
02929 -1
02935 -1
02943 -1
02949 -1
02950 -1
02957 -1
02967 -1
02968 -1
02971 -1
02972 -1
02974 -1
02979 -1
02987 -1
02995 -1
02996 -1
03003 -1
03005 -1
03010 -1
03011 -1
03012 -1
03018 -1
03021 -1
03023 -1
03025 -1
03026 -1
03027 -1
03032 -1
03044 -1
03046 -1
03049 -1
03056 -1
03057 -1
03079 -1
03083 -1
03086 -1
03090 -1
03091 -1
03095 -1
03100 -1
03101 -1
03104 -1
03106 -1
03110 -1
03113 -1
03115 -1
03124 -1
03132 -1
03133 -1
03134 -1
03135 -1
03139 -1
03148 -1
03149 -1
03154 -1
03159 -1
03160 -1
03165 -1
03167 -1
03168 -1
03169 -1
03182 -1
03187 -1
03188 -1
03190 -1
03191 -1
03192 -1
03195 -1
03197 -1
03199 -1
03200 -1
03202 -1
03205 -1
03206 -1
03209 -1
03211 -1
03213 -1
03214 -1
03217 -1
03218 -1
03224 -1
03227 -1
03244 -1
03246 -1
03249 -1
03250 -1
03254 -1
03259 -1
03260 -1
03263 -1
03267 -1
03278 -1
03282 -1
03286 -1
03288 -1
03290 -1
03291 -1
03293 -1
03295 -1
03296 -1
03299 -1
03306 -1
03315 -1
03317 -1
03332 -1
03334 -1
03335 -1
03337 -1
03339 -1
03354 -1
03356 -1
03358 -1
03364 -1
03369 -1
03373 -1
03377 -1
03378 -1
03381 -1
03383 -1
03385 -1
03386 -1
03387 -1
03391 -1
03394 -1
03396 -1
03397 -1
03408 -1
03413 -1
03415 -1
03416 -1
03422 -1
03423 -1
03426 -1
03431 -1
03434 -1
03441 -1
03445 -1
03446 -1
03450 -1
03457 -1
03460 -1
03461 -1
03462 -1
03464 -1
03468 -1
03475 -1
03477 -1
03486 -1
03487 -1
03492 -1
03498 -1
03499 -1
03504 -1
03506 -1
03512 -1
03518 -1
03520 -1
03521 -1
03522 -1
03523 -1
03526 -1
03531 -1
03533 -1
03535 -1
03537 -1
03540 -1
03541 -1
03550 -1
03555 -1
03556 -1
03566 -1
03568 -1
03572 -1
03580 -1
03591 -1
03595 -1
03600 -1
03602 -1
03604 -1
03605 -1
03606 -1
03607 -1
03608 -1
03612 -1
03613 -1
03620 -1
03631 -1
03638 -1
03643 -1
03648 -1
03652 -1
03667 -1
03669 -1
03671 -1
03673 -1
03679 -1
03682 -1
03690 -1
03691 -1
03693 -1
03698 -1
03700 -1
03706 -1
03707 -1
03712 -1
03717 -1
03719 -1
03722 -1
03723 -1
03737 -1
03738 -1
03742 -1
03745 -1
03746 -1
03758 -1
03760 -1
03764 -1
03768 -1
03769 -1
03773 -1
03777 -1
03781 -1
03782 -1
03789 -1
03792 -1
03797 -1
03813 -1
03815 -1
03821 -1
03828 -1
03831 -1
03832 -1
03841 -1
03845 -1
03854 -1
03858 -1
03859 -1
03867 -1
03869 -1
03881 -1
03893 -1
03902 -1
03906 -1
03908 -1
03915 -1
03930 -1
03937 -1
03946 -1
03952 -1
03955 -1
03956 -1
03960 -1
03961 -1
03968 -1
03971 -1
03972 1
03974 -1
03975 1
03978 -1
03979 1
03981 1
03982 1
03994 -1
03998 -1
04013 1
04022 1
04023 -1
04029 -1
04032 1
04047 1
04048 -1
04049 1
04053 1
04054 1
04070 -1
04071 1
04073 -1
04078 -1
04081 -1
04083 -1
04084 -1
04089 -1
04091 -1
04092 -1
04095 1
04099 -1
04104 1
04106 1
04110 -1
04114 -1
04119 1
04120 1
04121 -1
04125 1
04128 -1
04134 1
04136 1
04138 1
04145 -1
04150 -1
04156 -1
04157 -1
04160 1
04161 1
04180 1
04181 1
04194 -1
04199 -1
04215 1
04220 1
04225 -1
04231 1
04235 1
04245 -1
04249 1
04251 -1
04256 -1
04263 -1
04277 1
04284 1
04290 1
04296 1
04304 -1
04306 1
04309 1
04310 1
04311 1
04314 -1
04315 1
04322 -1
04326 1
04330 -1
04335 -1
04337 1
04340 -1
04353 -1
04356 -1
04359 -1
04361 -1
04362 -1
04363 -1
04364 1
04373 -1
04376 1
04377 1
04381 1
04388 1
04407 1
04410 -1
04418 -1
04420 -1
04422 -1
04424 1
04425 1
04428 -1
04438 -1
04440 -1
04447 1
04448 -1
04451 1
04452 1
04460 1
04463 1
04464 1
04466 1
04467 1
04469 -1
04470 -1
04471 -1
04479 -1
04483 -1
04489 1
04492 -1
04494 -1
04496 -1
04497 -1
04500 1
04501 1
04502 -1
04503 1
04508 -1
04509 -1
04510 -1
04514 1
04517 -1
04519 1
04520 1
04521 1
04523 1
04528 1
04531 -1
04551 -1
04559 1
04565 -1
04569 1
04572 -1
04574 -1
04578 -1
04579 -1
04585 -1
04598 -1
04600 -1
04601 -1
04605 1
04609 -1
04612 -1
04616 1
04618 -1
04621 -1
04626 -1
04627 1
04628 -1
04634 1
04636 1
04637 -1
04643 1
04650 1
04651 1
04653 -1
04654 -1
04655 -1
04659 -1
04660 -1
04661 1
04664 -1
04669 -1
04672 -1
04673 -1
04676 -1
04677 -1
04679 1
04680 -1
04683 -1
04689 -1
04691 -1
04697 -1
04699 1
04700 -1
04701 -1
04703 -1
04705 1
04711 -1
04712 -1
04717 1
04719 -1
04722 1
04732 -1
04736 -1
04739 -1
04744 -1
04746 -1
04747 1
04754 -1
04756 -1
04760 -1
04762 -1
04770 -1
04778 1
04781 1
04783 1
04784 1
04785 1
04798 1
04802 -1
04812 -1
04814 1
04819 1
04821 1
04825 -1
04828 -1
04829 1
04830 1
04838 1
04844 -1
04846 -1
04854 -1
04856 -1
04857 -1
04858 -1
04860 -1
04862 -1
04864 1
04872 1
04876 1
04878 1
04880 -1
04887 -1
04888 -1
04891 -1
04892 -1
04910 1
04911 -1
04914 1
04915 1
04916 1
04930 1
04931 1
04932 1
04935 1
04942 -1
04943 -1
04947 -1
04948 -1
04950 1
04952 1
04954 1
04955 1
04956 1
04958 1
04962 1
04964 -1
04966 1
04967 1
04971 1
04973 1
04985 1
04988 -1
04990 -1
04991 -1
04993 -1
04995 1
05005 -1
05007 -1
05011 -1
05016 -1
05017 -1
05022 -1
05030 -1
05033 -1
05037 -1
05040 1
05041 -1
05046 -1
05050 -1
05052 -1
05058 -1
05059 -1
05063 -1
05070 -1
05076 -1
05078 -1
05080 -1
05083 -1
05085 1
05092 -1
05104 -1
05105 -1
05106 -1
05108 -1
05116 -1
05120 1
05128 -1
05131 -1
05139 -1
05141 -1
05145 -1
05148 -1
05149 -1
05150 -1
05151 -1
05154 -1
05157 -1
05159 -1
05160 -1
05161 -1
05165 -1
05175 -1
05176 -1
05178 -1
05190 -1
05195 -1
05199 -1
05207 -1
05213 -1
05215 -1
05221 -1
05228 -1
05241 -1
05246 -1
05250 -1
05252 -1
05253 -1
05265 -1
05266 -1
05270 -1
05274 -1
05278 -1
05289 -1
05291 -1
05292 -1
05294 -1
05296 -1
05299 -1
05304 -1
05309 -1
05315 -1
05320 -1
05324 -1
05330 -1
05335 -1
05336 -1
05342 -1
05343 -1
05346 -1
05347 -1
05351 -1
05356 -1
05359 -1
05364 -1
05378 -1
05381 -1
05387 -1
05394 -1
05396 -1
05400 -1
05404 -1
05411 -1
05423 -1
05424 -1
05425 -1
05429 -1
05433 -1
05436 -1
05437 -1
05447 -1
05448 -1
05451 -1
05458 -1
05459 -1
05462 -1
05464 -1
05465 -1
05468 -1
05473 -1
05476 -1
05483 -1
05484 -1
05495 -1
05499 -1
05505 -1
05507 -1
05511 -1
05519 -1
05520 -1
05526 -1
05532 -1
05534 -1
05536 -1
05542 -1
05544 -1
05547 -1
05550 -1
05557 -1
05567 -1
05586 -1
05587 -1
05588 -1
05590 -1
05591 -1
05593 -1
05595 -1
05598 -1
05604 -1
05605 -1
05606 -1
05607 -1
05608 -1
05609 -1
05613 -1
05617 -1
05620 -1
05622 -1
05625 -1
05633 -1
05641 -1
05642 -1
05645 -1
05650 -1
05651 -1
05652 -1
05658 -1
05662 -1
05663 -1
05667 -1
05669 -1
05671 -1
05674 -1
05675 -1
05677 -1
05682 -1
05684 -1
05686 -1
05687 -1
05699 -1
05701 -1
05709 -1
05713 -1
05722 -1
05732 -1
05734 -1
05743 -1
05748 -1
05752 -1
05754 -1
05759 -1
05766 -1
05767 -1
05774 -1
05775 -1
05780 -1
05781 -1
05782 -1
05783 -1
05805 -1
05806 -1
05812 -1
05815 -1
05819 -1
05821 -1
05822 -1
05829 -1
05830 -1
05833 -1
05850 -1
05855 -1
05860 -1
05864 -1
05866 -1
05871 -1
05876 -1
05885 -1
05890 -1
05892 -1
05893 -1
05895 -1
05900 -1
05902 -1
05909 -1
05915 -1
05917 -1
05924 -1
05935 -1
05936 -1
05939 -1
05941 -1
05947 -1
05954 -1
05970 -1
05975 -1
05977 -1
05978 -1
05979 -1
05980 -1
05981 -1
05982 -1
05988 -1
05994 -1
05996 -1
05999 -1
06009 -1
06013 -1
06015 -1
06021 -1
06022 -1
06027 -1
06029 -1
06031 -1
06032 -1
06034 -1
06035 -1
06036 -1
06039 -1
06043 -1
06056 -1
06057 -1
06066 -1
06071 -1
06074 -1
06076 -1
06078 -1
06081 -1
06084 -1
06093 -1
06097 -1
06099 -1
06100 -1
06103 -1
06111 -1
06115 -1
06118 -1
06120 -1
06124 -1
06125 -1
06126 -1
06129 -1
06134 -1
06136 -1
06140 -1
06144 -1
06146 -1
06148 -1
06155 -1
06157 -1
06162 -1
06168 -1
06170 -1
06174 -1
06175 -1
06184 -1
06185 -1
06188 -1
06189 -1
06192 -1
06202 -1
06208 -1
06213 -1
06216 -1
06220 -1
06225 -1
06226 -1
06227 -1
06232 -1
06233 -1
06234 -1
06242 -1
06247 -1
06250 -1
06252 -1
06254 -1
06256 -1
06263 -1
06269 -1
06272 -1
06280 -1
06288 -1
06292 -1
06298 -1
06316 -1
06325 -1
06327 -1
06328 -1
06331 -1
06333 -1
06335 -1
06339 -1
06343 -1
06348 -1
06355 -1
06357 -1
06358 -1
06360 -1
06363 -1
06364 -1
06368 -1
06379 -1
06383 -1
06385 -1
06386 -1
06388 -1
06393 -1
06395 -1
06398 -1
06400 -1
06408 -1
06416 -1
06420 -1
06421 -1
06423 -1
06424 -1
06425 -1
06433 -1
06435 -1
06436 -1
06440 -1
06443 -1
06453 -1
06459 -1
06465 -1
06473 -1
06474 -1
06482 -1
06487 -1
06495 -1
06498 -1
06499 -1
06504 -1
06508 -1
06514 -1
06515 -1
06517 -1
06522 -1
06523 -1
06526 -1
06531 -1
06535 -1
06544 -1
06547 -1
06550 -1
06553 -1
06559 -1
06561 -1
06571 -1
06585 -1
06592 -1
06594 -1
06603 -1
06606 -1
06607 -1
06609 -1
06624 -1
06625 -1
06629 -1
06641 -1
06642 -1
06644 -1
06646 -1
06650 -1
06661 -1
06663 -1
06667 -1
06669 -1
06672 -1
06674 -1
06678 -1
06682 -1
06688 -1
06689 -1
06697 -1
06704 -1
06706 -1
06711 -1
06714 -1
06716 -1
06722 -1
06725 -1
06734 -1
06736 -1
06737 -1
06739 -1
06740 -1
06747 -1
06749 -1
06750 -1
06753 -1
06755 -1
06761 -1
06772 -1
06773 -1
06776 -1
06780 -1
06782 -1
06787 -1
06793 -1
06805 -1
06807 -1
06809 -1
06812 -1
06817 -1
06819 -1
06823 -1
06825 -1
06827 -1
06835 -1
06837 -1
06842 -1
06843 -1
06845 -1
06853 -1
06857 -1
06864 -1
06865 -1
06866 -1
06867 -1
06883 -1
06893 -1
06899 -1
06901 -1
06908 -1
06914 -1
06918 -1
06919 -1
06937 -1
06942 -1
06948 -1
06949 -1
06952 -1
06953 -1
06955 -1
06959 -1
06963 -1
06965 -1
06966 -1
06969 -1
06976 -1
06980 -1
06988 -1
06991 -1
06992 -1
06993 -1
06996 -1
06999 -1
07005 -1
07007 -1
07009 -1
07011 -1
07012 -1
07018 -1
07020 -1
07021 -1
07025 -1
07029 -1
07040 -1
07042 -1
07044 -1
07046 -1
07052 -1
07053 -1
07054 -1
07055 -1
07058 -1
07063 -1
07066 -1
07068 -1
07073 -1
07075 -1
07076 -1
07081 -1
07085 -1
07086 -1
07087 -1
07088 -1
07100 -1
07109 -1
07116 -1
07120 -1
07121 -1
07123 -1
07126 -1
07133 -1
07135 -1
07137 -1
07140 -1
07143 -1
07149 -1
07151 -1
07160 -1
07161 -1
07170 -1
07172 -1
07179 -1
07186 -1
07192 -1
07193 -1
07196 -1
07204 -1
07205 -1
07209 -1
07212 -1
07213 -1
07215 -1
07219 -1
07223 -1
07224 -1
07225 -1
07228 -1
07229 -1
07232 -1
07248 -1
07251 -1
07259 -1
07262 -1
07271 -1
07273 -1
07276 -1
07281 -1
07285 -1
07289 -1
07292 -1
07295 -1
07297 -1
07302 -1
07308 -1
07310 -1
07312 -1
07314 -1
07319 -1
07323 -1
07325 -1
07326 -1
07328 -1
07336 -1
07338 -1
07339 -1
07341 -1
07342 -1
07356 -1
07358 -1
07359 -1
07361 -1
07362 -1
07363 -1
07369 -1
07373 -1
07374 -1
07381 -1
07383 -1
07387 -1
07395 -1
07405 -1
07408 -1
07415 -1
07421 -1
07423 -1
07429 -1
07433 -1
07434 -1
07438 -1
07439 -1
07441 -1
07447 -1
07451 -1
07452 -1
07470 -1
07473 -1
07474 -1
07482 -1
07485 -1
07486 -1
07487 -1
07489 -1
07493 -1
07494 -1
07496 -1
07497 -1
07505 -1
07507 -1
07512 -1
07514 -1
07520 -1
07521 -1
07522 -1
07525 -1
07528 -1
07529 -1
07552 -1
07553 -1
07564 -1
07567 -1
07575 -1
07578 -1
07579 -1
07582 -1
07584 -1
07586 -1
07596 -1
07599 -1
07600 -1
07601 -1
07602 -1
07605 -1
07610 -1
07613 -1
07617 -1
07621 -1
07629 -1
07631 -1
07634 -1
07635 -1
07639 -1
07644 -1
07645 -1
07646 -1
07655 -1
07659 -1
07660 -1
07663 -1
07671 -1
07672 -1
07675 -1
07676 -1
07677 -1
07688 -1
07704 -1
07707 -1
07715 -1
07716 -1
07719 -1
07720 -1
07722 -1
07726 -1
07727 -1
07732 -1
07737 -1
07739 -1
07740 -1
07745 -1
07747 -1
07748 -1
07749 -1
07752 -1
07763 -1
07764 -1
07765 -1
07768 -1
07770 -1
07771 -1
07784 -1
07787 -1
07792 -1
07798 -1
07801 -1
07802 -1
07806 -1
07808 -1
07809 -1
07810 -1
07812 -1
07818 -1
07821 -1
07828 -1
07832 -1
07833 -1
07834 -1
07845 -1
07846 -1
07849 -1
07850 -1
07852 -1
07865 -1
07878 -1
07880 -1
07881 -1
07883 -1
07886 -1
07887 -1
07894 -1
07898 -1
07904 -1
07905 -1
07911 -1
07917 -1
07925 -1
07929 -1
07933 -1
07938 -1
07941 -1
07949 -1
07954 -1
07957 -1
07958 -1
07968 -1
07969 -1
07970 -1
07981 -1
07985 -1
07990 -1
07994 -1
07997 -1
07998 -1
07999 -1
08000 -1
08001 -1
08007 -1
08012 -1
08013 -1
08018 -1
08019 -1
08023 -1
08027 -1
08035 -1
08036 -1
08037 -1
08042 -1
08047 -1
08054 -1
08058 -1
08059 -1
08062 -1
08066 -1
08077 -1
08085 -1
08090 -1
08094 -1
08095 -1
08096 -1
08098 -1
08101 -1
08105 -1
08107 -1
08109 -1
08118 -1
08120 -1
08122 -1
08130 -1
08131 -1
08133 -1
08137 -1
08139 -1
08142 -1
08146 -1
08152 -1
08154 -1
08158 -1
08160 -1
08161 -1
08165 -1
08169 -1
08178 -1
08194 -1
08198 -1
08200 -1
08201 -1
08216 -1
08217 -1
08218 -1
08219 -1
08223 -1
08225 -1
08240 -1
08242 -1
08243 -1
08250 -1
08264 -1
08266 -1
08271 -1
08273 -1
08274 -1
08275 -1
08276 -1
08277 -1
08289 -1
08292 -1
08295 -1
08300 -1
08303 -1
08306 -1
08308 -1
08311 -1
08316 -1
08321 -1
08328 -1
08334 -1
08343 -1
08345 -1
08350 -1
08355 -1
08357 -1
08358 -1
08361 -1
08362 -1
08370 -1
08371 -1
08372 -1
08375 -1
08380 -1
08381 -1
08386 -1
08387 -1
08389 -1
08391 -1
08394 -1
08399 -1
08402 -1
08403 -1
08404 -1
08405 -1
08412 -1
08413 -1
08416 -1
08417 -1
08420 -1
08428 -1
08430 -1
08431 -1
08436 -1
08438 -1
08439 -1
08445 -1
08446 -1
08449 -1
08452 -1
08453 -1
08454 -1
08456 -1
08458 -1
08466 -1
08476 -1
08497 -1
08507 -1
08513 -1
08515 -1
08526 -1
08527 -1
08531 -1
08532 -1
08533 -1
08534 -1
08537 -1
08540 -1
08545 -1
08546 -1
08552 -1
08553 -1
08556 -1
08557 -1
08564 -1
08568 -1
08569 -1
08571 -1
08572 -1
08574 -1
08585 -1
08586 -1
08589 -1
08591 -1
08593 -1
08596 -1
08603 -1
08626 -1
08632 -1
08636 -1
08638 -1
08640 -1
08648 -1
08652 -1
08661 -1
08665 -1
08666 -1
08668 -1
08678 -1
08679 -1
08684 -1
08688 -1
08693 -1
08699 -1
08714 -1
08715 -1
08725 -1
08729 -1
08733 -1
08735 -1
08736 -1
08749 -1
08751 -1
08755 -1
08756 -1
08757 -1
08759 -1
08761 -1
08764 -1
08766 -1
08769 -1
08771 -1
08773 -1
08775 -1
08778 -1
08780 -1
08782 -1
08785 -1
08786 -1
08787 -1
08789 -1
08794 -1
08801 -1
08803 -1
08809 -1
08815 -1
08818 -1
08821 -1
08823 -1
08824 -1
08832 1
08835 1
08836 1
08839 1
08843 1
08850 -1
08853 -1
08863 1
08869 1
08871 1
08873 1
08875 1
08879 -1
08882 1
08885 -1
08888 1
08896 -1
08897 -1
08900 1
08904 1
08906 1
08909 1
08914 1
08917 1
08927 -1
08928 -1
08930 -1
08931 -1
08932 -1
08935 1
08938 -1
08944 -1
08948 -1
08949 1
08952 1
08957 1
08958 1
08960 1
08972 1
08979 -1
08981 1
08984 1
08993 1
08997 1
09002 -1
09005 -1
09012 -1
09018 1
09020 1
09021 -1
09022 1
09025 1
09027 1
09029 -1
09039 1
09042 1
09043 1
09052 1
09055 1
09061 -1
09062 1
09063 -1
09070 1
09073 1
09074 1
09077 -1
09078 -1
09080 -1
09086 1
09088 1
09090 1
09092 1
09095 -1
09098 1
09100 -1
09101 -1
09108 1
09113 -1
09114 1
09121 1
09131 -1
09132 1
09135 1
09142 1
09145 1
09148 1
09153 1
09155 1
09160 1
09163 1
09166 1
09172 -1
09189 1
09190 -1
09197 -1
09207 -1
09210 -1
09219 1
09221 1
09223 -1
09232 1
09238 -1
09239 -1
09246 -1
09248 -1
09249 -1
09254 -1
09262 1
09268 1
09269 -1
09274 -1
09278 1
09291 -1
09307 1
09309 1
09311 1
09315 1
09320 -1
09324 -1
09326 -1
09332 -1
09344 1
09345 -1
09347 -1
09351 -1
09352 -1
09354 1
09358 1
09359 -1
09363 -1
09364 -1
09368 -1
09369 1
09372 -1
09373 1
09376 1
09378 1
09380 -1
09388 1
09398 -1
09405 1
09422 1
09423 1
09426 1
09429 -1
09430 -1
09435 -1
09442 -1
09455 -1
09457 1
09458 1
09459 1
09471 1
09472 -1
09474 -1
09475 -1
09490 1
09493 1
09495 -1
09498 1
09500 1
09511 -1
09515 -1
09517 -1
09519 -1
09521 1
09524 -1
09538 -1
09541 1
09544 -1
09546 -1
09547 -1
09548 -1
09550 -1
09554 -1
09556 -1
09558 -1
09561 1
09566 -1
09567 -1
09570 1
09572 1
09579 1
09582 1
09585 1
09587 -1
09590 -1
09604 1
09609 1
09616 -1
09623 -1
09626 -1
09628 1
09629 1
09637 1
09638 1
09644 -1
09646 1
09657 1
09664 -1
09670 1
09673 -1
09676 1
09687 1
09688 1
09689 1
09690 1
09693 1
09696 -1
09699 -1
09705 -1
09712 -1
09713 -1
09714 -1
09719 1
09725 1
09726 1
09729 1
09733 -1
09751 1
09753 1
09761 -1
09771 1
09772 1
09786 1
09787 1
09789 1
09790 1
09791 1
09804 1
09809 1
09810 1
09815 -1
09816 -1
09817 -1
09818 1
09821 -1
09840 -1
09843 -1
09845 -1
09848 -1
09850 -1
09857 -1
09861 -1
09863 -1
09867 -1
09868 -1
09870 -1
09872 -1
09874 -1
09876 -1
09877 -1
09879 -1
09881 -1
09890 -1
09891 -1
09893 -1
09895 -1
09900 -1
09905 -1
09906 -1
09911 -1
09912 -1
09922 -1
09928 -1
09933 -1
09935 -1
09938 -1
09940 -1
09946 -1
09948 -1
09951 -1
09953 -1
09955 -1
09957 -1
09961 -1
09962 -1
09966 1
09967 -1
09969 -1
09972 1
09974 -1
09979 -1
09980 -1
09990 -1
09991 -1
09996 -1
09998 -1
10004 -1
10009 -1
10011 -1
10013 -1
10015 -1
10020 -1
10021 1
10028 -1
10030 -1
10034 -1
10041 -1
10043 -1
10047 -1
10050 -1
10051 -1
10052 -1
10054 -1
10055 -1
10056 -1
10058 -1
10062 -1
10065 -1
10073 -1
10076 -1
10077 -1
10101 -1
10107 -1
10120 -1
10123 -1
10129 -1
10136 -1
10141 -1
10153 -1
10157 -1
10160 -1
10162 -1
10163 -1
10167 -1
10173 -1
10174 -1
10175 -1
10176 -1
10182 -1
10185 -1
10190 -1
10196 -1
10197 -1
10201 -1
10212 -1
10226 -1
10227 -1
10233 -1
10234 -1
10235 -1
10238 -1
10240 -1
10248 -1
10250 -1
10251 -1
10252 -1
10253 -1
10260 -1
10263 -1
10275 -1
10277 -1
10281 -1
10283 -1
10286 -1
10291 -1
10294 -1
10297 -1
10304 -1
10305 -1
10307 -1
10318 -1
10321 -1
10339 -1
10348 -1
10351 -1
10353 -1
10354 -1
10355 -1
10361 -1
10365 -1
10370 -1
10372 -1
10380 -1
10384 -1
10386 -1
10389 -1
10400 -1
10401 -1
10402 -1
10412 -1
10418 -1
10420 -1
10424 -1
10432 -1
10433 -1
10442 -1
10446 -1
10448 -1
10449 -1
10451 -1
10459 -1
10464 -1
10466 -1
10469 -1
10474 -1
10479 -1
10480 -1
10486 -1
10488 -1
10492 -1
10500 -1
10505 -1
10506 -1
10510 -1
10511 -1
10520 -1
10522 -1
10523 -1
10526 -1
10532 -1
10534 -1
10536 -1
10539 -1
10544 -1
10547 -1
10548 -1
10552 -1
10555 -1
10557 -1
10564 -1
10567 -1
10580 -1
10581 -1
10583 -1
10585 -1
10592 -1
10602 -1
10603 -1
10605 -1
10607 -1
10613 -1
10617 -1
10619 -1
10622 -1
10624 -1
10625 -1
10631 -1
10632 -1
10633 -1
10635 -1
10645 -1
10648 -1
10649 -1
10650 -1
10651 -1
10656 -1
10661 -1
10665 -1
10666 -1
10671 -1
10673 -1
10675 -1
10676 -1
10681 -1
10692 -1
10693 -1
10697 -1
10699 -1
10702 -1
10707 -1
10715 -1
10721 -1
10724 -1
10730 -1
10737 -1
10739 -1
10741 -1
10742 -1
10743 -1
10747 -1
10758 -1
10761 -1
10766 -1
10769 -1
10770 -1
10773 -1
10774 -1
10776 -1
10784 -1
10786 -1
10789 -1
10791 -1
10799 -1
10802 -1
10810 -1
10813 -1
10817 -1
10819 -1
10822 -1
10826 -1
10830 -1
10834 -1
10844 -1
10845 -1
10852 -1
10853 -1
10857 -1
10861 -1
10879 -1
10883 -1
10887 -1
10890 -1
10892 -1
10897 -1
10903 -1
10906 -1
10908 -1
10917 -1
10918 -1
10919 -1
10921 -1
10923 -1
10928 -1
10936 -1
10944 -1
10946 -1
10951 -1
10957 -1
10961 -1
10965 -1
10970 -1
10972 -1
10974 -1
10975 -1
10978 -1
10982 -1
10985 -1
10990 -1
10992 -1
11005 -1
11006 -1
11009 -1
11011 -1
11013 -1
11015 -1
11017 -1
11021 -1
11022 -1
11028 -1
11029 -1
11033 -1
11037 -1
11045 -1
11054 -1
11055 -1
11060 -1
11061 -1
11063 -1
11075 -1
11098 -1
11099 -1
11105 -1
11108 -1
11110 -1
11119 -1
11125 -1
11132 -1
11140 -1
11151 -1
11152 -1
11160 -1
11162 -1
11166 -1
11167 -1
11168 -1
11179 -1
11180 -1
11186 -1
11187 -1
11189 -1
11190 -1
11194 -1
11195 -1
11196 -1
11218 -1
11219 -1
11220 -1
11221 -1
11222 -1
11225 -1
11238 -1
11241 -1
11242 -1
11250 -1
11257 -1
11258 -1
11259 -1
11267 -1
11270 -1
11274 -1
11275 -1
11276 -1
11278 -1
11281 -1
11287 -1
11293 -1
11294 -1
11298 -1
11299 -1
11306 -1
11311 -1
11318 -1
11319 -1
11339 -1
11343 -1
11344 -1
11351 -1
11352 -1
11353 -1
11354 -1
11356 -1
11359 -1
11360 -1
11366 -1
11371 -1
11372 -1
11374 -1
11376 -1
11381 -1
11383 -1
11387 -1
11389 -1
11394 -1
11405 -1
11406 -1
11409 -1
11416 -1
11417 -1
11418 -1
11419 -1
11423 -1
11425 -1
11437 -1
11439 -1
11440 -1
11441 -1
11446 -1
11449 -1
11450 -1
11454 -1
11461 -1
11462 -1
11465 -1
11466 -1
11470 -1
11471 -1
11472 -1
11474 -1
11478 -1
11479 -1
11487 -1
11490 -1
11500 -1
11502 -1
11504 -1
11508 -1
11514 -1
11526 -1
11534 -1
11535 -1
11539 -1
11544 -1
11545 -1
11547 -1
11549 -1
11553 -1
11554 -1
11555 -1
11560 -1
11563 -1
11566 -1
11567 -1
11575 -1
11580 -1
11586 -1
11593 -1
11594 -1
11595 -1
11600 -1
11604 -1
11607 -1
11618 -1
11620 -1
11621 -1
11628 -1
11638 -1
11646 -1
11647 -1
11650 -1
11651 -1
11654 -1
11664 -1
11665 -1
11667 -1
11668 -1
11674 -1
11676 -1
11683 -1
11686 -1
11690 -1
11694 -1
11696 -1
11701 -1
11704 -1
11711 -1
11726 -1
11734 -1
11737 -1
11738 -1
11740 -1
11741 -1
11743 -1
11744 -1
11745 -1
11749 -1
11759 -1
11761 -1
11762 -1
11764 -1
11766 -1
11771 -1
11780 -1
11788 -1
11797 -1
11799 -1
11800 -1
11803 -1
11811 -1
11813 -1
11815 -1
11816 -1
11827 -1
11829 -1
11832 -1
11843 -1
11844 -1
11848 -1
11852 -1
11854 -1
11858 -1
11859 -1
11864 -1
11865 -1
11873 -1
11874 -1
11875 -1
11876 -1
11878 -1
11881 -1
11885 -1
11889 -1
11892 -1
11898 -1
11906 -1
11913 -1
11914 -1
11918 -1
11921 -1
11923 -1
11927 -1
11930 -1
11932 -1
11936 -1
11937 -1
11938 -1
11944 -1
11948 -1
11951 -1
11957 -1
11958 -1
11971 -1
11977 -1
11978 -1
11981 -1
11982 -1
11984 -1
11986 -1
11992 -1
11993 -1
11999 -1
12007 -1
12017 -1
12018 -1
12021 -1
12024 -1
12026 -1
12034 -1
12035 -1
12037 -1
12044 -1
12049 -1
12056 -1
12058 -1
12059 -1
12062 -1
12063 -1
12070 -1
12079 -1
12081 -1
12088 -1
12093 -1
12095 -1
12099 -1
12102 -1
12105 -1
12109 -1
12113 -1
12114 -1
12116 -1
12117 -1
12118 -1
12124 -1
12128 -1
12135 -1
12136 -1
12137 -1
12139 -1
12140 -1
12144 -1
12149 -1
12156 -1
12158 -1
12161 -1
12168 -1
12169 -1
12171 -1
12177 -1
12180 -1
12181 -1
12183 -1
12184 -1
12186 -1
12187 -1
12189 -1
12190 -1
12193 -1
12194 -1
12195 -1
12197 -1
12208 -1
12213 -1
12215 -1
12217 -1
12230 -1
12232 -1
12234 -1
12236 -1
12239 -1
12246 -1
12249 -1
12251 -1
12260 -1
12268 -1
12272 -1
12276 -1
12277 -1
12279 -1
12281 -1
12285 -1
12288 -1
12290 -1
12292 -1
12296 -1
12303 -1
12314 -1
12316 -1
12317 -1
12331 -1
12335 -1
12338 -1
12339 -1
12343 -1
12348 -1
12351 -1
12352 -1
12353 -1
12357 -1
12368 -1
12374 -1
12376 -1
12381 -1
12383 -1
12390 -1
12402 -1
12404 -1
12408 -1
12423 -1
12430 -1
12431 -1
12432 -1
12441 -1
12447 -1
12451 -1
12458 -1
12469 -1
12471 -1
12473 -1
12474 -1
12481 -1
12484 -1
12492 -1
12496 -1
12497 -1
12500 -1
12503 -1
12520 -1
12535 -1
12541 -1
12542 -1
12543 -1
12546 -1
12549 -1
12553 -1
12555 -1
12557 -1
12562 -1
12570 -1
12578 -1
12589 -1
12597 -1
12598 -1
12600 -1
12605 -1
12608 -1
12616 -1
12620 -1
12626 -1
12627 -1
12634 -1
12635 -1
12643 -1
12647 -1
12660 -1
12664 -1
12667 -1
12671 -1
12678 -1
12683 -1
12684 -1
12687 -1
12690 -1
12691 -1
12697 -1
12709 -1
12711 -1
12713 -1
12716 -1
12717 -1
12718 -1
12720 -1
12721 -1
12724 -1
12727 -1
12733 -1
12740 -1
12745 -1
12760 1
12762 1
12764 -1
12765 -1
12766 -1
12769 -1
12774 1
12775 1
12776 1
12779 1
12782 1
12784 1
12790 -1
12796 -1
12801 1
12806 1
12807 -1
12808 -1
12813 1
12819 1
12824 -1
12833 1
12834 1
12846 1
12849 -1
12852 -1
12861 1
12862 1
12863 1
12866 1
12875 -1
12883 1
12884 1
12886 1
12888 1
12889 -1
12892 1
12898 1
12904 1
12905 1
12906 1
12908 1
12911 -1
12916 -1
12920 1
12925 1
12929 1
12932 -1
12937 1
12941 -1
12943 1
12949 1
12950 1
12955 1
12964 -1
12965 -1
12966 1
12969 -1
12977 -1
12985 1
12991 -1
12995 -1
12999 1
13001 1
13004 -1
13016 -1
13018 1
13019 1
13025 1
13029 -1
13030 -1
13033 -1
13039 -1
13040 -1
13041 1
13042 -1
13044 -1
13049 1
13054 1
13063 1
13071 1
13076 1
13078 1
13079 1
13083 -1
13089 -1
13092 1
13095 1
13097 1
13103 1
13119 -1
13122 -1
13123 -1
13124 -1
13125 -1
13137 -1
13144 1
13146 -1
13148 -1
13155 1
13157 -1
13158 -1
13160 -1
13166 1
13170 1
13176 -1
13178 1
13182 -1
13183 -1
13185 -1
13186 -1
13187 -1
13191 1
13193 1
13203 -1
13204 -1
13209 -1
13221 1
13222 1
13224 1
13227 1
13230 1
13231 -1
13234 -1
13235 -1
13236 -1
13240 -1
13243 -1
13250 -1
13251 -1
13256 -1
13261 1
13263 -1
13264 -1
13265 1
13270 -1
13273 -1
13274 -1
13277 1
13278 1
13279 -1
13285 1
13291 -1
13292 1
13293 1
13295 1
13310 1
13311 -1
13320 1
13323 -1
13326 -1
13334 1
13335 1
13340 -1
13341 -1
13343 -1
13346 -1
13347 -1
13352 1
13353 -1
13357 1
13359 1
13360 1
13363 -1
13368 1
13369 1
13374 1
13377 -1
13379 -1
13381 -1
13382 1
13383 -1
13385 -1
13387 -1
13403 -1
13404 1
13406 -1
13408 1
13409 1
13429 -1
13440 -1
13443 -1
13454 1
13456 -1
13461 -1
13469 -1
13470 1
13477 -1
13482 1
13483 1
13492 -1
13494 1
13512 1
13513 -1
13521 -1
13523 -1
13526 -1
13528 -1
13530 -1
13537 -1
13540 1
13541 1
13542 1
13545 1
13547 1
13557 1
13558 1
13559 1
13560 1
13561 1
13565 -1
13571 1
13573 1
13575 -1
13585 1
13594 1
13595 1
13596 1
13597 1
13601 1
13609 -1
13612 -1
13614 -1
13624 -1
13627 1
13631 1
13637 1
13639 1
13650 -1
13661 -1
13671 1
13676 1
13678 1
13682 1
13686 1
13687 1
13689 1
13692 1
13694 1
13703 1
13711 -1
13712 1
13715 1
13718 1
13719 1
13723 1
13724 1
13725 1
13726 -1
13728 -1
13740 1
13741 -1
13742 1
13752 -1
13756 -1
13760 1
13761 -1
13764 1
13765 1
13766 1
13768 -1
13770 -1
13774 -1
13775 -1
13777 -1
13779 -1
13784 -1
13787 -1
13793 -1
13794 1
13797 -1
13800 -1
13804 -1
13811 -1
13812 1
13817 -1
13824 -1
13825 -1
13828 -1
13829 -1
13830 -1
13837 -1
13839 -1
13845 -1
13853 -1
13854 1
13855 -1
13857 -1
13864 -1
13868 -1
13869 -1
13871 -1
13874 -1
13875 -1
13876 1
13878 -1
13893 -1
13897 -1
13901 -1
13902 -1
13904 -1
13907 -1
13911 -1
13913 -1
13922 -1
13929 -1
13930 -1
13932 1
13935 -1
13939 -1
13941 -1
13942 -1
13956 -1
13958 -1
13963 -1
13969 -1
13988 -1
13989 -1
13995 -1
13999 -1
14003 -1
14007 -1
14008 -1
14014 -1
14017 -1
14018 -1
14020 -1
14031 -1
14032 -1
14034 -1
14038 -1
14043 -1
14051 -1
14058 -1
14061 -1
14066 -1
14067 -1
14068 -1
14072 -1
14074 -1
14076 -1
14079 -1
14084 -1
14088 -1
14092 -1
14093 -1
14100 -1
14103 -1
14110 -1
14116 -1
14117 -1
14118 -1
14123 -1
14126 -1
14127 -1
14128 -1
14135 -1
14137 -1
14138 -1
14141 -1
14144 -1
14148 -1
14150 -1
14159 -1
14166 -1
14168 -1
14170 -1
14172 -1
14174 -1
14175 -1
14176 -1
14181 -1
14182 -1
14183 -1
14191 -1
14196 -1
14201 -1
14204 -1
14205 -1
14215 -1
14216 -1
14218 -1
14220 -1
14221 -1
14222 -1
14223 -1
14224 -1
14227 -1
14230 -1
14234 -1
14235 -1
14237 -1
14240 -1
14255 -1
14256 -1
14263 -1
14264 -1
14274 -1
14277 -1
14278 -1
14280 -1
14281 -1
14282 -1
14285 -1
14286 -1
14290 -1
14300 -1
14313 -1
14316 -1
14317 -1
14319 -1
14321 -1
14322 -1
14332 -1
14335 -1
14337 -1
14341 -1
14343 -1
14344 -1
14347 -1
14349 -1
14356 -1
14357 -1
14361 -1
14363 -1
14365 -1
14367 -1
14369 -1
14374 -1
14379 -1
14381 -1
14382 -1
14385 -1
14388 -1
14392 -1
14396 -1
14398 -1
14404 -1
14414 -1
14416 -1
14417 -1
14423 -1
14426 -1
14427 -1
14430 -1
14431 -1
14437 -1
14439 -1
14443 -1
14446 -1
14450 -1
14453 -1
14454 -1
14455 -1
14458 -1
14461 -1
14463 -1
14471 -1
14472 -1
14476 -1
14480 -1
14484 -1
14486 -1
14488 -1
14489 -1
14498 -1
14506 -1
14509 -1
14510 -1
14518 -1
14522 -1
14523 -1
14524 -1
14526 -1
14528 -1
14531 -1
14539 -1
14540 -1
14542 -1
14545 -1
14546 -1
14550 -1
14551 -1
14553 -1
14556 -1
14561 -1
14564 -1
14567 -1
14568 -1
14584 -1
14589 -1
14593 -1
14595 -1
14597 -1
14599 -1
14601 -1
14605 -1
14608 -1
14626 -1
14627 -1
14632 -1
14634 -1
14641 -1
14660 -1
14668 -1
14670 -1
14673 -1
14674 -1
14676 -1
14690 -1
14696 -1
14702 -1
14710 -1
14715 -1
14716 -1
14718 -1
14719 -1
14727 -1
14730 -1
14733 -1
14736 -1
14737 -1
14745 -1
14746 -1
14753 -1
14755 -1
14763 -1
14765 -1
14768 -1
14769 -1
14781 -1
14784 -1
14787 -1
14790 -1
14797 -1
14803 -1
14806 -1
14807 -1
14822 -1
14826 -1
14828 -1
14832 -1
14836 -1
14839 -1
14851 -1
14860 -1
14870 -1
14877 -1
14881 -1
14883 -1
14886 -1
14891 -1
14894 -1
14898 -1
14902 -1
14906 -1
14907 -1
14911 -1
14919 -1
14920 -1
14922 -1
14926 -1
14928 -1
14929 -1
14931 -1
14939 -1
14940 -1
14946 -1
14947 -1
14954 -1
14958 -1
14959 -1
14960 -1
14971 -1
14974 -1
14991 -1
15005 -1
15007 -1
15010 -1
15020 -1
15021 -1
15027 -1
15031 -1
15036 -1
15041 -1
15045 -1
15050 -1
15052 -1
15056 -1
15060 -1
15066 -1
15069 -1
15071 -1
15075 -1
15084 -1
15087 -1
15088 -1
15095 -1
15096 -1
15097 -1
15098 -1
15104 -1
15106 -1
15108 -1
15116 -1
15124 -1
15125 -1
15131 -1
15139 -1
15141 -1
15148 -1
15151 -1
15155 -1
15157 -1
15158 -1
15163 -1
15170 -1
15174 -1
15180 -1
15191 -1
15194 -1
15198 -1
15208 -1
15209 -1
15215 -1
15231 -1
15232 -1
15235 -1
15236 -1
15238 -1
15241 -1
15245 -1
15246 -1
15248 -1
15249 -1
15254 -1
15255 -1
15257 -1
15261 -1
15264 -1
15265 -1
15274 -1
15278 -1
15284 -1
15285 -1
15291 -1
15301 -1
15318 -1
15325 -1
15326 -1
15327 -1
15337 -1
15338 -1
15343 -1
15346 -1
15349 -1
15353 -1
15357 -1
15362 -1
15369 -1
15373 -1
15384 -1
15385 -1
15392 -1
15401 -1
15404 -1
15405 -1
15409 -1
15412 -1
15414 -1
15419 -1
15427 -1
15430 -1
15438 -1
15439 -1
15440 -1
15444 -1
15445 -1
15447 -1
15448 -1
15450 -1
15465 -1
15468 -1
15480 -1
15483 -1
15487 -1
15488 -1
15490 -1
15491 -1
15492 -1
15497 -1
15498 -1
15507 -1
15510 -1
15511 -1
15514 -1
15517 -1
15520 -1
15522 -1
15528 -1
15540 -1
15542 -1
15550 -1
15552 -1
15557 -1
15560 -1
15562 -1
15567 -1
15569 -1
15573 -1
15576 -1
15579 -1
15586 -1
15588 -1
15589 -1
15592 -1
15593 -1
15596 -1
15597 -1
15600 -1
15603 -1
15604 -1
15609 -1
15613 -1
15614 -1
15617 -1
15622 -1
15624 -1
15629 -1
15630 -1
15650 -1
15657 -1
15659 -1
15662 -1
15663 -1
15667 -1
15680 -1
15682 -1
15685 -1
15687 -1
15690 -1
15691 -1
15695 -1
15696 -1
15697 -1
15698 -1
15703 -1
15705 -1
15713 -1
15715 -1
15729 -1
15732 -1
15735 -1
15736 -1
15750 -1
15754 -1
15756 -1
15760 -1
15763 -1
15766 -1
15768 -1
15771 -1
15772 -1
15773 -1
15774 -1
15775 -1
15784 -1
15792 -1
15798 -1
15801 -1
15802 -1
15805 -1
15809 -1
15816 -1
15824 -1
15829 -1
15835 -1
15841 -1
15847 -1
15848 -1
15854 -1
15855 -1
15857 -1
15862 -1
15865 -1
15873 -1
15886 -1
15887 -1
15889 -1
15894 -1
15900 -1
15901 -1
15919 -1
15922 -1
15925 -1
15940 -1
15941 -1
15944 -1
15945 -1
15948 -1
15951 -1
15952 -1
15953 -1
15957 -1
15959 -1
15961 -1
15978 -1
15981 -1
15985 -1
15986 -1
15991 -1
15992 -1
15998 -1
15999 -1
16004 -1
16005 -1
16006 -1
16008 -1
16012 -1
16016 -1
16019 -1
16022 -1
16025 -1
16027 -1
16028 -1
16030 -1
16038 -1
16039 -1
16042 -1
16044 -1
16051 -1
16058 -1
16068 -1
16071 -1
16072 -1
16078 -1
16083 -1
16089 -1
16093 -1
16095 -1
16096 -1
16097 -1
16098 -1
16102 -1
16106 -1
16109 -1
16117 -1
16120 -1
16127 -1
16129 -1
16132 -1
16136 -1
16143 -1
16147 -1
16160 -1
16174 -1
16175 -1
16176 -1
16181 -1
16184 -1
16190 -1
16191 -1
16194 -1
16199 -1
16201 -1
16209 -1
16214 -1
16216 -1
16225 -1
16226 -1
16227 -1
16230 -1
16234 -1
16235 -1
16238 -1
16241 -1
16245 -1
16247 -1
16259 -1
16261 -1
16265 -1
16266 -1
16274 -1
16278 -1
16280 -1
16281 -1
16287 -1
16289 -1
16290 -1
16291 -1
16292 -1
16297 -1
16311 -1
16317 -1
16318 -1
16319 -1
16329 -1
16337 -1
16343 -1
16347 -1
16354 -1
16355 -1
16359 -1
16361 -1
16365 -1
16369 -1
16371 -1
16390 -1
16395 -1
16396 -1
16399 -1
16400 -1
16404 -1
16408 -1
16411 -1
16412 -1
16413 -1
16416 -1
16426 -1
16435 -1
16437 -1
16438 -1
16439 -1
16445 -1
16455 -1
16456 -1
16463 -1
16469 -1
16472 -1
16474 -1
16477 -1
16481 -1
16498 -1
16505 -1
16509 -1
16513 -1
16515 -1
16520 -1
16523 -1
16524 -1
16533 -1
16540 -1
16544 -1
16549 -1
16551 -1
16552 -1
16556 -1
16558 -1
16559 -1
16562 -1
16563 -1
16576 -1
16585 -1
16586 -1
16589 -1
16591 -1
16595 -1
16596 -1
16599 -1
16604 -1
16607 -1
16608 -1
16613 -1
16614 -1
16616 -1
16621 -1
16624 -1
16625 -1
16627 -1
16632 -1
16634 -1
16637 -1
16644 -1
16651 -1
16652 -1
16653 -1
16658 -1
16668 -1
16680 -1
16688 -1
16697 -1
16702 -1
16708 -1
16710 -1
16711 -1
16712 -1
16713 -1
16718 -1
16735 -1
16745 -1
16746 -1
16749 -1
16753 -1
16756 -1
16766 -1
16770 -1
16778 -1
16781 -1
16784 -1
16786 -1
16788 -1
16793 -1
16810 -1
16816 -1
16819 -1
16828 -1
16833 -1
16834 -1
16841 -1
16847 -1
16856 -1
16857 -1
16858 -1
16860 -1
16873 -1
16874 -1
16875 -1
16879 -1
16883 -1
16886 -1
16887 -1
16892 -1
16895 -1
16902 -1
16903 -1
16904 -1
16919 -1
16924 -1
16927 -1
16933 -1
16941 -1
16944 -1
16946 -1
16947 -1
16963 -1
16968 -1
16975 -1
16985 -1
16986 -1
16993 -1
16995 -1
16996 -1
17008 -1
17009 -1
17010 -1
17018 -1
17019 -1
17024 -1
17028 -1
17031 -1
17039 -1
17040 -1
17042 -1
17055 -1
17067 -1
17069 -1
17071 -1
17074 -1
17082 -1
17085 -1
17091 -1
17095 -1
17097 -1
17099 -1
17103 -1
17115 -1
17121 -1
17122 -1
17127 -1
17129 -1
17136 -1
17145 -1
17152 -1
17160 -1
17163 -1
17164 -1
17167 -1
17168 -1
17171 -1
17175 -1
17179 -1
17185 -1
17186 -1
17187 -1
17192 -1
17197 -1
17204 -1
17205 -1
17209 -1
17211 -1
17212 -1
17215 -1
17223 -1
17224 -1
17226 -1
17230 -1
17231 -1
17232 -1
17238 -1
17240 -1
17244 -1
17249 -1
17260 -1
17268 -1
17269 -1
17271 -1
17273 -1
17275 -1
17279 -1
17283 -1
17288 -1
17294 -1
17297 -1
17302 -1
17303 -1
17307 -1
17311 -1
17312 -1
17313 -1
17324 -1
17325 -1
17326 -1
17327 -1
17331 -1
17337 -1
17338 -1
17341 -1
17345 -1
17350 -1
17355 -1
17358 -1
17367 -1
17368 -1
17372 -1
17376 -1
17380 -1
17388 -1
17391 -1
17397 -1
17402 -1
17403 -1
17406 -1
17413 -1
17416 -1
17417 -1
17423 -1
17426 -1
17428 -1
17433 -1
17434 -1
17436 -1
17439 -1
17448 -1
17449 -1
17455 -1
17462 -1
17463 -1
17474 -1
17488 -1
17492 -1
17497 -1
17502 -1
17509 -1
17511 -1
17513 -1
17519 -1
17520 -1
17523 -1
17527 -1
17532 -1
17533 -1
17535 -1
17542 -1
17548 -1
17552 -1
17553 -1
17555 -1
17561 -1
17564 -1
17570 -1
17580 -1
17584 -1
17588 -1
17592 -1
17596 -1
17599 -1
17605 -1
17614 -1
17618 -1
17624 -1
17625 -1
17635 -1
17645 -1
17647 -1
17656 -1
17658 -1
17670 -1
17676 -1
17677 -1
17681 -1
17684 -1
17690 -1
17692 -1
17695 -1
17697 -1
17709 -1
17710 -1
17715 -1
17721 -1
17723 -1
17725 -1
17732 -1
17734 -1
17735 -1
17742 -1
17743 -1
17744 -1
17746 -1
17752 -1
17753 -1
17757 -1
17764 -1
17771 -1
17779 -1
17782 -1
17784 -1
17785 -1
17793 -1
17794 -1
17799 -1
17805 -1
17809 -1
17814 -1
17818 -1
17820 -1
17821 -1
17825 -1
17829 -1
17831 -1
17832 -1
17837 -1
17844 -1
17846 -1
17847 -1
17848 -1
17849 -1
17850 -1
17854 -1
17868 -1
17870 -1
17875 -1
17879 -1
17884 -1
17886 -1
17889 -1
17890 -1
17891 -1
17893 -1
17897 -1
17899 -1
17903 -1
17904 -1
17908 -1
17916 -1
17924 -1
17928 -1
17937 -1
17938 -1
17941 -1
17945 -1
17950 -1
17953 -1
17958 -1
17961 -1
17964 -1
17965 -1
17967 -1
17970 -1
17973 -1
17980 -1
17982 -1
17987 -1
17999 -1
18002 -1
18007 -1
18009 -1
18010 -1
18012 -1
18015 -1
18016 -1
18019 -1
18024 -1
18028 -1
18032 -1
18035 -1
18043 -1
18046 -1
18055 -1
18061 -1
18063 -1
18065 -1
18071 -1
18078 -1
18082 -1
18085 -1
18087 -1
18090 -1
18099 -1
18102 -1
18112 -1
18115 -1
18116 -1
18117 -1
18118 -1
18125 -1
18126 -1
18128 -1
18129 -1
18149 -1
18151 -1
18157 -1
18164 -1
18169 -1
18170 -1
18173 -1
18176 -1
18181 -1
18188 -1
18189 -1
18195 -1
18198 -1
18214 -1
18215 -1
18219 -1
18220 -1
18221 -1
18227 -1
18232 -1
18235 -1
18246 -1
18249 -1
18250 -1
18255 -1
18263 -1
18264 -1
18267 -1
18268 -1
18275 -1
18279 -1
18280 -1
18281 -1
18283 -1
18288 -1
18290 -1
18292 -1
18296 -1
18298 -1
18306 -1
18314 -1
18317 -1
18319 -1
18323 -1
18324 -1
18326 -1
18329 -1
18335 -1
18337 -1
18348 -1
18349 -1
18352 -1
18355 -1
18356 -1
18361 -1
18364 -1
18381 -1
18385 -1
18390 -1
18392 -1
18403 -1
18409 -1
18415 -1
18421 -1
18423 -1
18428 -1
18429 -1
18430 -1
18436 -1
18438 -1
18449 -1
18452 -1
18455 -1
18459 -1
18461 -1
18464 -1
18465 -1
18469 -1
18472 -1
18475 -1
18477 -1
18479 -1
18484 -1
18487 -1
18488 -1
18491 -1
18494 -1
18496 -1
18505 -1
18506 -1
18511 -1
18512 -1
18513 -1
18514 -1
18527 -1
18538 -1
18539 -1
18542 -1
18546 -1
18552 -1
18557 -1
18561 -1
18562 -1
18563 -1
18564 -1
18565 -1
18566 -1
18567 -1
18573 -1
18576 -1
18577 -1
18578 -1
18581 -1
18583 -1
18585 -1
18589 -1
18593 -1
18594 -1
18599 -1
18605 -1
18609 -1
18616 -1
18617 -1
18618 -1
18621 -1
18622 -1
18623 -1
18627 -1
18630 -1
18631 -1
18633 -1
18637 -1
18647 -1
18648 -1
18654 -1
18655 -1
18656 -1
18667 -1
18671 -1
18673 -1
18676 -1
18677 -1
18680 -1
18682 -1
18683 -1
18689 -1
18690 -1
18692 -1
18699 -1
18704 -1
18712 -1
18713 -1
18721 -1
18723 -1
18724 -1
18725 -1
18726 -1
18733 -1
18736 -1
18739 -1
18743 -1
18757 -1
18759 -1
18762 -1
18764 -1
18773 -1
18774 -1
18777 -1
18779 -1
18782 -1
18784 -1
18785 -1
18786 -1
18795 -1
18796 -1
18797 -1
18798 -1
18802 -1
18803 -1
18804 -1
18808 -1
18812 -1
18821 -1
18822 -1
18830 -1
18836 -1
18837 -1
18841 -1
18842 -1
18844 -1
18848 -1
18854 -1
18856 -1
18859 -1
18864 -1
18871 -1
18872 -1
18875 -1
18877 -1
18888 -1
18889 -1
18890 -1
18892 -1
18893 -1
18899 -1
18906 -1
18923 -1
18929 -1
18937 -1
18940 -1
18941 -1
18946 -1
18947 -1
18960 -1
18965 -1
18970 -1
18971 -1
18980 -1
18983 -1
18993 -1
18994 -1
18995 -1
18996 -1
19001 -1
19006 -1
19017 -1
19020 -1
19021 -1
19028 -1
19029 -1
19030 -1
19042 -1
19048 -1
19049 -1
19053 -1
19055 -1
19058 -1
19060 -1
19070 -1
19072 -1
19073 -1
19076 -1
19085 -1
19088 -1
19089 -1
19091 -1
19097 -1
19099 -1
19102 -1
19103 -1
19108 -1
19114 -1
19117 -1
19118 -1
19119 -1
19122 -1
19123 -1
19137 -1
19141 -1
19143 -1
19151 -1
19153 -1
19154 -1
19158 -1
19164 -1
19181 -1
19187 -1
19188 -1
19195 -1
19198 -1
19202 -1
19208 -1
19211 -1
19212 -1
19223 -1
19227 -1
19229 -1
19232 -1
19235 -1
19246 -1
19247 -1
19248 -1
19251 -1
19252 -1
19255 -1
19256 -1
19260 -1
19269 -1
19272 -1
19277 -1
19278 -1
19279 -1
19287 -1
19289 -1
19292 -1
19299 -1
19303 -1
19306 -1
19319 -1
19325 -1
19327 -1
19337 -1
19338 -1
19339 -1
19340 -1
19341 -1
19343 -1
19345 -1
19351 -1
19356 -1
19357 -1
19359 -1
19364 -1
19367 -1
19370 -1
19374 -1
19376 -1
19379 -1
19380 -1
19383 -1
19384 -1
19386 -1
19394 -1
19395 -1
19398 -1
19406 -1
19410 -1
19414 -1
19416 -1
19417 -1
19424 -1
19429 -1
19431 -1
19438 -1
19442 -1
19445 -1
19451 -1
19453 -1
19458 -1
19462 -1
19463 -1
19464 -1
19468 -1
19471 -1
19475 -1
19476 -1
19477 -1
19482 -1
19487 -1
19489 -1
19494 -1
19499 -1
19501 -1
19502 -1
19505 -1
19506 -1
19512 -1
19516 -1
19526 -1
19528 -1
19531 -1
19533 -1
19539 -1
19541 -1
19550 -1
19559 -1
19560 -1
19565 -1
19568 -1
19575 -1
19578 -1
19584 -1
19586 -1
19587 -1
19588 -1
19592 -1
19593 -1
19596 -1
19598 -1
19604 -1
19605 -1
19607 -1
19609 -1
19616 -1
19620 -1
19623 -1
19624 -1
19634 -1
19637 -1
19639 -1
19640 -1
19646 -1
19647 -1
19655 -1
19656 -1
19665 -1
19667 -1
19673 -1
19677 -1
19681 -1
19683 -1
19691 -1
19693 -1
19695 -1
19698 -1
19702 -1
19712 -1
19731 -1
19736 -1
19740 -1
19744 -1
19746 -1
19748 -1
19750 -1
19751 -1
19755 -1
19759 -1
19761 -1
19762 -1
19764 -1
19768 -1
19771 -1
19774 -1
19775 -1
19780 -1
19786 -1
19787 -1
19788 -1
19795 -1
19798 -1
19801 -1
19803 -1
19805 -1
19812 -1
19813 -1
19816 -1
19823 -1
19828 -1
19830 -1
19831 -1
19834 -1
19835 -1
19837 -1
19844 -1
19850 -1
19851 -1
19853 -1
19859 -1
19860 -1
19865 -1
19872 -1
19875 -1
19876 -1
19877 -1
19878 -1
19889 -1
19894 -1
19902 -1
19907 -1
19910 -1
19915 -1
19920 -1
19926 -1
19927 -1
19929 -1
19936 -1
19937 -1
19941 -1
19943 -1
19946 -1
19948 -1
19949 -1
19952 -1
19953 -1
19955 -1
19956 -1
19960 -1
19962 -1
19966 -1
19967 -1
19970 -1
19972 -1
19975 -1
19976 -1
19977 -1
19981 -1
19984 -1
19987 -1
19988 -1
19989 -1
19993 -1
19994 -1
20002 -1
20006 -1
20012 -1
20016 -1
20027 -1
20028 -1
20033 -1
20037 -1
20044 -1
20045 -1
20047 -1
20050 -1
20051 -1
20057 -1
20077 -1
20080 -1
20089 -1
20094 -1
20096 -1
20098 -1
20099 -1
20100 -1
20107 -1
20114 -1
20115 -1
20119 -1
20122 -1
20123 -1
20126 -1
20131 -1
20133 -1
20138 -1
20140 -1
20142 -1
20143 -1
20144 -1
20151 -1
20155 -1
20160 -1
20161 -1
20171 -1
20174 -1
20177 -1
20181 -1
20185 -1
20187 -1
20193 -1
20198 -1
20199 -1
20200 -1
20204 -1
20207 -1
20208 -1
20213 -1
20214 -1
20215 -1
20217 -1
20218 -1
20226 -1
20233 -1
20235 -1
20237 -1
20247 -1
20249 -1
20251 -1
20257 -1
20259 -1
20265 -1
20267 -1
20269 -1
20273 -1
20275 -1
20278 -1
20279 -1
20285 -1
20290 -1
20296 -1
20298 -1
20299 -1
20301 -1
20303 -1
20305 -1
20307 -1
20313 -1
20314 -1
20315 -1
20316 -1
20322 -1
20324 -1
20326 -1
20336 -1
20341 -1
20348 -1
20356 -1
20357 -1
20364 -1
20366 -1
20367 -1
20369 -1
20377 -1
20378 -1
20379 -1
20381 -1
20382 -1
20384 -1
20395 -1
20409 -1
20410 -1
20412 -1
20416 -1
20419 -1
20424 -1
20431 -1
20440 -1
20442 -1
20448 -1
20451 -1
20452 -1
20457 -1
20462 -1
20469 -1
20479 -1
20481 -1
20484 -1
20485 -1
20490 -1
20492 -1
20493 -1
20494 -1
20506 -1
20509 -1
20515 -1
20516 -1
20523 -1
20525 -1
20527 -1
20530 -1
20534 -1
20536 -1
20550 -1
20551 -1
20569 -1
20570 -1
20577 -1
20584 -1
20586 -1
20587 -1
20589 -1
20595 -1
20598 -1
20599 -1
20603 -1
20608 -1
20609 -1
20611 -1
20619 -1
20625 -1
20628 -1
20633 -1
20637 -1
20639 -1
20651 -1
20653 -1
20654 -1
20655 -1
20656 -1
20669 -1
20686 -1
20689 -1
20695 -1
20705 -1
20708 -1
20710 -1
20718 -1
20731 -1
20737 -1
20743 -1
20752 -1
20759 -1
20763 -1
20767 -1
20770 -1
20771 -1
20779 -1
20780 -1
20791 -1
20793 -1
20794 -1
20809 -1
20811 -1
20813 -1
20814 -1
20820 -1
20821 -1
20825 -1
20826 -1
20828 -1
20830 -1
20831 -1
20832 -1
20833 -1
20836 -1
20838 -1
20840 -1
20841 -1
20848 -1
20849 -1
20854 -1
20859 -1
20861 -1
20863 -1
20868 -1
20869 -1
20872 -1
20874 -1
20877 -1
20881 -1
20882 -1
20884 -1
20885 -1
20886 -1
20888 -1
20893 -1
20897 -1
20899 -1
20906 -1
20907 -1
20908 -1
20912 -1
20915 -1
20918 -1
20920 -1
20925 -1
20929 -1
20937 -1
20938 -1
20939 -1
20942 -1
20944 -1
20947 -1
20948 -1
20951 -1
20955 -1
20958 -1
20960 -1
20976 -1
20985 -1
20987 -1
20993 -1
20994 -1
21000 -1
21002 -1
21008 -1
21011 -1
21016 -1
21017 -1
21018 -1
21019 -1
21021 -1
21022 -1
21026 -1
21027 -1
21034 -1
21037 -1
21038 -1
21040 -1
21042 -1
21043 -1
21047 -1
21059 -1
21060 -1
21063 -1
21069 -1
21072 -1
21073 -1
21077 -1
21078 -1
21079 -1
21084 -1
21096 -1
21100 -1
21102 -1
21103 -1
21106 -1
21109 -1
21110 -1
21113 -1
21114 -1
21116 -1
21117 -1
21118 -1
21122 -1
21123 -1
21125 -1
21126 -1
21131 -1
21133 -1
21134 -1
21136 -1
21137 -1
21140 -1
21147 -1
21148 -1
21155 -1
21158 -1
21160 -1
21166 -1
21173 -1
21174 -1
21176 -1
21178 -1
21183 -1
21184 -1
21190 -1
21191 -1
21202 -1
21203 -1
21206 -1
21209 -1
21211 -1
21212 -1
21218 -1
21227 -1
21234 -1
21237 -1
21240 -1
21250 -1
21253 -1
21257 -1
21258 -1
21267 -1
21276 -1
21278 -1
21280 -1
21284 -1
21291 -1
21292 -1
21296 -1
21301 -1
21302 -1
21320 -1
21321 -1
21324 -1
21328 -1
21338 -1
21339 -1
21349 -1
21364 -1
21368 -1
21371 -1
21377 -1
21379 -1
21383 -1
21385 -1
21388 -1
21389 -1
21393 -1
21394 -1
21397 -1
21402 -1
21405 -1
21406 -1
21407 -1
21411 -1
21415 1
21419 1
21420 1
21424 -1
21425 -1
21426 -1
21427 -1
21428 -1
21432 -1
21438 -1
21442 1
21444 -1
21454 -1
21456 -1
21466 -1
21468 -1
21469 -1
21470 -1
21471 -1
21479 -1
21483 -1
21488 -1
21489 -1
21491 -1
21505 -1
21507 -1
21508 -1
21510 -1
21512 -1
21518 -1
21522 -1
21523 -1
21525 -1
21540 1
21541 1
21542 1
21550 -1
21553 -1
21555 -1
21556 -1
21572 -1
21573 -1
21574 -1
21575 -1
21577 -1
21583 -1
21585 -1
21589 -1
21591 -1
21594 -1
21595 -1
21596 -1
21599 -1
21600 -1
21619 -1
21621 -1
21627 -1
21633 -1
21638 -1
21645 1
21651 1
21652 1
21657 -1
21660 -1
21664 -1
21665 1
21669 -1
21671 1
21676 -1
21677 -1
21689 -1
21695 -1
21698 -1
21711 -1
21715 -1
21717 -1
21719 -1
21720 -1
21729 -1
21744 -1
21754 -1
21759 -1
21761 -1
