6 0.631358300727 0.207754906654 0.0653996646171 0.0449976065103
6 0.681386249301 0.246529439923 0.0614868641699 0.0421254188607
6 0.646450531023 0.326711345141 0.0564561207378 0.0416467209191
6 0.697316936836 0.36835806606 0.0586920067077 0.0454763044519
6 0.681945220794 0.578027764481 0.060368921185 0.0445189085687
6 0.747624371157 0.726184777405 0.0653996646171 0.0459550023935
6 0.736165455562 0.812589755864 0.11626607043 0.0876017233126
6 0.764673001677 0.917663954045 0.106204583566 0.0794638583054
6 0.368362213527 0.876974629009 0.0648406931247 0.0459550023935
6 0.305757406372 0.728338918143 0.0648406931247 0.0483484921015
6 0.288708775852 0.617041646721 0.0687534935718 0.0507419818095
6 0.323085522638 0.543561512685 0.0637227501397 0.0464337003351
6 0.304639463387 0.409526089038 0.0558971492454 0.0397319291527
6 0.237562884293 0.252991862135 0.0670765790945 0.0464337003351
6 0.28814980436 0.292963140258 0.0598099496926 0.0459550023935
6 0.250978200112 0.366682623265 0.0737842370039 0.0488271900431
