6 0.50569259962 0.258035714286 0.0664136622391 0.0767857142857
6 0.570208728653 0.24375 0.0588235294118 0.0660714285714
6 0.635673624288 0.229464285714 0.0607210626186 0.0625
6 0.702087286528 0.229910714286 0.0645161290323 0.0723214285714
6 0.766129032258 0.216964285714 0.0559772296015 0.0589285714286
6 0.835388994307 0.207589285714 0.0540796963947 0.0598214285714
6 0.520398481973 0.409375 0.0673624288425 0.0741071428571
6 0.587286527514 0.400892857143 0.0683111954459 0.0732142857143
6 0.65559772296 0.393303571429 0.0626185958254 0.0723214285714
6 0.785578747628 0.372767857143 0.0664136622391 0.0758928571429
6 0.851518026565 0.364285714286 0.0654648956357 0.075
