2 0.755948334466 0.485615079365 0.165873555404 0.469246031746
4 0.248130523453 0.263888888889 0.0271923861319 0.077380952381
4 0.277362338545 0.264384920635 0.0285520054385 0.0763888888889
4 0.30829367777 0.266369047619 0.0265125764786 0.0763888888889
4 0.247790618627 0.339781746032 0.0265125764786 0.0684523809524
4 0.277362338545 0.34126984127 0.0285520054385 0.0714285714286
4 0.307613868117 0.341765873016 0.0278721957852 0.0724206349206
4 0.247790618627 0.415674603175 0.0278721957852 0.0714285714286
4 0.277702243372 0.418650793651 0.0278721957852 0.0714285714286
4 0.30829367777 0.420138888889 0.0265125764786 0.0684523809524
5 0.289938817131 0.484623015873 0.0564242012237 0.0426587301587
5 0.289598912305 0.52628968254 0.0557443915704 0.0367063492063
5 0.289259007478 0.56498015873 0.0537049626105 0.0367063492063
