2 0.337097684924 0.442585551331 0.0801806888763 0.191634980989
4 0.254940711462 0.380228136882 0.0265386787126 0.0669201520913
4 0.280350084698 0.380608365019 0.0254093732355 0.06463878327
5 0.255505364201 0.465399239544 0.0231507622812 0.0623574144487
5 0.279785431959 0.465399239544 0.0220214568041 0.0593155893536
3 0.660926030491 0.445627376426 0.0276679841897 0.0410646387833
3 0.715979672501 0.455513307985 0.0383963862225 0.0486692015209
3 0.647092038396 0.507224334601 0.0282326369283 0.0395437262357
3 0.701298701299 0.526235741445 0.0383963862225 0.0501901140684
3 0.631564088086 0.57680608365 0.0333145115754 0.0433460076046
3 0.688029361942 0.598098859316 0.0378317334839 0.0539923954373
3 0.613495200452 0.650570342205 0.0344438170525 0.0463878326996
3 0.674760022586 0.659315589354 0.0417843026539 0.0501901140684
