3 0.266481609993 0.478535353535 0.0721721027065 0.0833333333333
3 0.35253296322 0.522306397306 0.0666204024983 0.0867003367003
3 0.434420541291 0.566498316498 0.0638445523942 0.0858585858586
3 0.219292158223 0.617845117845 0.0749479528105 0.0808080808081
3 0.30187369882 0.659090909091 0.0707841776544 0.0824915824916
3 0.385149201943 0.70202020202 0.0763358778626 0.0808080808081
3 0.571131158917 0.63468013468 0.0707841776544 0.0808080808081
3 0.531575294934 0.747474747475 0.0693962526024 0.0808080808081
3 0.666204024983 0.68265993266 0.0693962526024 0.0824915824916
3 0.747397640527 0.723905723906 0.0680083275503 0.0875420875421
3 0.623178348369 0.793771043771 0.0693962526024 0.0757575757576
3 0.707841776544 0.835858585859 0.0693962526024 0.0791245791246
3 0.682859125607 0.113636363636 0.0471894517696 0.0538720538721
3 0.731436502429 0.114478114478 0.0444136016655 0.0555555555556
3 0.783483691881 0.104377104377 0.0430256766135 0.0555555555556
3 0.686328938237 0.189814814815 0.0444136016655 0.0563973063973
3 0.736294240111 0.18771043771 0.0458015267176 0.0521885521886
3 0.669673837613 0.306397306397 0.0360860513532 0.0454545454545
3 0.714781401804 0.307239057239 0.0416377515614 0.0521885521886
3 0.760929909785 0.303451178451 0.0395558639833 0.0479797979798
3 0.785218598196 0.184764309764 0.0367800138793 0.0446127946128
3 0.753990284525 0.359006734007 0.029840388619 0.0361952861953
4 0.181124219292 0.2882996633 0.0527411519778 0.0513468013468
