2 0.225081699346 0.579978813559 0.203431372549 0.492584745763
4 0.150326797386 0.888241525424 0.0408496732026 0.0858050847458
4 0.189133986928 0.884533898305 0.0367647058824 0.0826271186441
4 0.227532679739 0.880296610169 0.0367647058824 0.0783898305085
4 0.266748366013 0.879766949153 0.0383986928105 0.0794491525424
4 0.305147058824 0.876588983051 0.0367647058824 0.0794491525424
4 0.33864379085 0.875 0.031862745098 0.0783898305085
2 0.533088235294 0.17531779661 0.125 0.253177966102
5 0.544526143791 0.264830508475 0.0367647058824 0.0254237288136
5 0.529820261438 0.0873940677966 0.0334967320261 0.0243644067797
4 0.473447712418 0.281779661017 0.0416666666667 0.0805084745763
