6 0.689344852412 0.104766633565 0.0655147588193 0.100297914598
6 0.556515478762 0.344587884806 0.0619150467963 0.0993048659384
6 0.390208783297 0.43545183714 0.0590352771778 0.100297914598
6 0.305975521958 0.498510427011 0.0662347012239 0.0973187686197
6 0.228221742261 0.552135054618 0.0590352771778 0.0933465739821
6 0.128509719222 0.634558093347 0.124550035997 0.131082423039
6 0.259539236861 0.882820258193 0.0683945284377 0.0973187686197
6 0.372210223182 0.850049652433 0.0950323974082 0.156901688183
6 0.482361411087 0.787487586892 0.0993520518359 0.158887785501
6 0.579193664507 0.739821251241 0.0525557955364 0.103277060576
