3 0.327142857143 0.668843283582 0.0742857142857 0.0951492537313
3 0.417142857143 0.699626865672 0.0771428571429 0.100746268657
3 0.303571428571 0.788246268657 0.0814285714286 0.106343283582
3 0.394285714286 0.813432835821 0.0742857142857 0.0970149253731
3 0.539285714286 0.690298507463 0.0671428571429 0.089552238806
3 0.615 0.717350746269 0.0671428571429 0.0951492537313
3 0.637857142857 0.630597014925 0.0585714285714 0.0858208955224
3 0.559285714286 0.605410447761 0.07 0.0914179104478
3 0.604642857143 0.397388059701 0.045 0.0652985074627
3 0.665 0.417910447761 0.0428571428571 0.0559701492537
3 0.654642857143 0.486473880597 0.0492857142857 0.0625
3 0.592142857143 0.469682835821 0.0428571428571 0.0569029850746
