2 0.410071942446 0.622733160622 0.23381294964 0.251943005181
6 0.763938848921 0.261658031088 0.0494604316547 0.0310880829016
6 0.819244604317 0.309585492228 0.089928057554 0.0492227979275
6 0.706384892086 0.262953367876 0.0836330935252 0.0518134715026
6 0.709082733813 0.297279792746 0.0674460431655 0.0466321243523
6 0.676258992806 0.330634715026 0.068345323741 0.0485751295337
6 0.663669064748 0.37079015544 0.0503597122302 0.0408031088083
6 0.645683453237 0.412888601036 0.0539568345324 0.0433937823834
6 0.634442446043 0.455958549223 0.0512589928058 0.0427461139896
6 0.631294964029 0.487694300518 0.0503597122302 0.0479274611399
4 0.520683453237 0.477331606218 0.044964028777 0.0466321243523
4 0.484262589928 0.470531088083 0.0440647482014 0.044689119171
4 0.447392086331 0.464702072539 0.0440647482014 0.044689119171
4 0.410971223022 0.45725388601 0.044964028777 0.0453367875648
