3 0.455316742081 0.180397727273 0.100678733032 0.133522727273
3 0.522341628959 0.255326704545 0.0548642533937 0.0802556818182
3 0.379524886878 0.267755681818 0.0678733031674 0.0909090909091
3 0.459841628959 0.311434659091 0.066742081448 0.0958806818182
3 0.538461538462 0.347301136364 0.064479638009 0.0894886363636
3 0.321266968326 0.403053977273 0.0950226244344 0.1171875
3 0.414875565611 0.449928977273 0.0944570135747 0.121448863636
3 0.508201357466 0.497514204545 0.0921945701357 0.121448863636
3 0.622737556561 0.560014204545 0.0871040723982 0.120028409091
3 0.715497737557 0.604758522727 0.091628959276 0.118607954545
3 0.811085972851 0.650568181818 0.0961538461538 0.129261363636
3 0.782239819005 0.350142045455 0.102941176471 0.140625
3 0.683823529412 0.332386363636 0.0588235294118 0.0724431818182
3 0.64592760181 0.404829545455 0.0678733031674 0.0852272727273
3 0.717760180995 0.439985795455 0.0656108597285 0.0901988636364
3 0.804581447964 0.486860795455 0.0707013574661 0.0901988636364
