3 0.108183856502 0.166466346154 0.0997757847534 0.106971153846
3 0.304372197309 0.0763221153846 0.104260089686 0.0949519230769
3 0.356502242152 0.207331730769 0.100896860987 0.0973557692308
3 0.408632286996 0.341346153846 0.097533632287 0.0961538461538
3 0.463565022422 0.475360576923 0.0997757847534 0.0997596153846
3 0.512331838565 0.606971153846 0.0941704035874 0.100961538462
3 0.159192825112 0.298677884615 0.100896860987 0.0973557692308
3 0.213565022422 0.430889423077 0.097533632287 0.104567307692
3 0.264573991031 0.566105769231 0.105381165919 0.105769230769
3 0.317825112108 0.698918269231 0.104260089686 0.104567307692
