0 0.0825 0.489832535885 0.146666666667 0.118421052632
3 0.591666666667 0.608851674641 0.0566666666667 0.0861244019139
3 0.656666666667 0.608253588517 0.0583333333333 0.0897129186603
3 0.715 0.550837320574 0.055 0.0753588516746
3 0.615 0.752990430622 0.095 0.151913875598
3 0.61625 0.915669856459 0.1025 0.13995215311
3 0.725416666667 0.914473684211 0.0958333333333 0.142344497608
3 0.72375 0.75 0.1025 0.150717703349
3 0.838333333333 0.751196172249 0.106666666667 0.153110047847
3 0.84 0.912679425837 0.113333333333 0.153110047847
