3 0.09375 0.772727272727 0.135576923077 0.0868983957219
3 0.624519230769 0.859625668449 0.199038461538 0.136363636364
3 0.651923076923 0.430815508021 0.126923076923 0.0929144385027
3 0.481730769231 0.604946524064 0.0634615384615 0.0441176470588
3 0.365865384615 0.638703208556 0.0605769230769 0.0474598930481
3 0.282692307692 0.506016042781 0.0769230769231 0.0508021390374
3 0.403365384615 0.475267379679 0.0721153846154 0.0441176470588
3 0.321634615385 0.570187165775 0.0855769230769 0.0548128342246
3 0.441826923077 0.536764705882 0.0740384615385 0.0441176470588
3 0.411538461538 0.713235294118 0.0673076923077 0.0494652406417
