3 0.1821875 0.0827546296296 0.114375 0.0972222222222
3 0.074375 0.124421296296 0.1125 0.104166666667
3 0.1859375 0.186921296296 0.114375 0.104166666667
3 0.07625 0.229456018519 0.105 0.102430555556
3 0.190625 0.366608796296 0.09375 0.0850694444444
3 0.1878125 0.544560185185 0.091875 0.0798611111111
3 0.0659375 0.545428240741 0.084375 0.078125
3 0.0790625 0.706018518519 0.125625 0.118055555556
3 0.0846875 0.843171296296 0.110625 0.111111111111
3 0.0865625 0.946759259259 0.106875 0.106481481481
3 0.1990625 0.84056712963 0.114375 0.109375
3 0.1990625 0.945891203704 0.118125 0.10474537037
