3 0.377538071066 0.38262195122 0.130710659898 0.15243902439
3 0.493654822335 0.496951219512 0.126903553299 0.149390243902
3 0.607868020305 0.607469512195 0.121827411168 0.150914634146
3 0.264593908629 0.266768292683 0.123096446701 0.149390243902
3 0.17385786802 0.391768292683 0.126903553299 0.15243902439
3 0.0901015228426 0.519054878049 0.119289340102 0.147865853659
3 0.293781725888 0.506859756098 0.130710659898 0.157012195122
3 0.206852791878 0.634146341463 0.129441624365 0.155487804878
3 0.404822335025 0.624237804878 0.124365482234 0.16006097561
3 0.319162436548 0.749237804878 0.123096446701 0.147865853659
3 0.52347715736 0.736280487805 0.128172588832 0.15243902439
3 0.435913705584 0.865091463415 0.125634517766 0.153963414634
