0 0.173151750973 0.711854460094 0.0252918287938 0.109154929577
0 0.195525291829 0.713028169014 0.0214007782101 0.109154929577
0 0.217412451362 0.712441314554 0.0282101167315 0.107981220657
3 0.398346303502 0.744131455399 0.09046692607 0.112676056338
3 0.40126459144 0.902582159624 0.09046692607 0.112676056338
3 0.446011673152 0.143779342723 0.117704280156 0.142018779343
3 0.583657587549 0.146713615023 0.120622568093 0.150234741784
3 0.719357976654 0.143779342723 0.113813229572 0.149061032864
3 0.829766536965 0.144366197183 0.0778210116732 0.100938967136
3 0.930447470817 0.146126760563 0.0787937743191 0.0950704225352
