0 0.368102995271 0.0608108108108 0.077246452969 0.0598455598456
0 0.360483447189 0.105855855856 0.0935365212822 0.0765765765766
0 0.274303730951 0.333333333333 0.0683131897005 0.0823680823681
0 0.313189700473 0.351673101673 0.0861797162375 0.0945945945946
0 0.425643720441 0.417953667954 0.0514976353127 0.124195624196
0 0.38281660536 0.553410553411 0.0320546505518 0.0785070785071
0 0.340514976353 0.649613899614 0.0304781923279 0.0675675675676
0 0.369416710457 0.662162162162 0.0336311087756 0.0579150579151
0 0.564634787178 0.461711711712 0.073042564372 0.189832689833
0 0.730688386758 0.565958815959 0.0320546505518 0.0765765765766
0 0.702837624803 0.651544401544 0.0299527062533 0.0765765765766
