5 0.569358178054 0.86251541307 0.0848861283644 0.139334155364
5 0.630434782609 0.83477188656 0.0828157349896 0.135635018496
5 0.693581780538 0.806411837238 0.0828157349896 0.140567200986
5 0.75983436853 0.781750924784 0.0807453416149 0.135635018496
5 0.821428571429 0.752774352651 0.0817805383023 0.136868064118
5 0.887163561077 0.725030826141 0.0807453416149 0.135635018496
5 0.616459627329 0.59186189889 0.0797101449275 0.138101109741
5 0.678571428571 0.56411837238 0.083850931677 0.136868064118
5 0.741200828157 0.536991368681 0.0786749482402 0.139334155364
5 0.804865424431 0.511713933416 0.0797101449275 0.143033292232
5 0.869047619048 0.482120838471 0.083850931677 0.135635018496
