5 0.268379096546 0.68015963512 0.0832595217006 0.128848346636
5 0.31310894597 0.639110604333 0.0859167404783 0.124287343216
5 0.594774136404 0.614025085519 0.0859167404783 0.122006841505
5 0.637289636847 0.571835803877 0.0859167404783 0.119726339795
5 0.682905225864 0.53078677309 0.0850310008857 0.119726339795
5 0.725863596103 0.478335233751 0.0823737821081 0.122006841505
5 0.548715677591 0.37913340935 0.0930026572188 0.126567844926
5 0.499557130204 0.42645381984 0.0903454384411 0.116305587229
5 0.471656333038 0.193842645382 0.0876882196634 0.12314709236
5 0.42736935341 0.238882554162 0.0894596988485 0.124287343216
5 0.358724534987 0.277651083238 0.074402125775 0.106043329532
