0 0.476770929163 0.67019969278 0.154093836247 0.10599078341
0 0.517939282429 0.699692780338 0.15639374425 0.10599078341
3 0.959981600736 0.108602150538 0.0699172033119 0.0519201228879
3 0.906623735051 0.231950844854 0.1251149954 0.0792626728111
3 0.785188592456 0.172196620584 0.122355105796 0.0801843317972
3 0.641674333027 0.0992319508449 0.123275068997 0.0804915514593
3 0.529668813247 0.0453149001536 0.105335786569 0.0703533026114
3 0.439972401104 0.121812596006 0.109935602576 0.0666666666667
3 0.353495860166 0.201843317972 0.107175712971 0.0694316436252
3 0.465041398344 0.258832565284 0.124195032199 0.0801843317972
3 0.552207911684 0.179877112135 0.120975160994 0.0807987711214
3 0.372355105796 0.343778801843 0.114535418583 0.0761904761905
3 0.699632014719 0.25222734255 0.123275068997 0.0829493087558
3 0.613155473781 0.329646697389 0.123275068997 0.0866359447005
3 0.482520699172 0.398924731183 0.113155473781 0.0728110599078
3 0.590386384545 0.451766513057 0.110855565777 0.073425499232
3 0.821297148114 0.310599078341 0.127414903404 0.0829493087558
3 0.733210671573 0.38801843318 0.124195032199 0.0823348694316
