3 0.0573923892701 0.0894886363636 0.0736119775421 0.0676136363636
3 0.136930754835 0.0545454545455 0.0754834684966 0.0693181818182
3 0.0876481597006 0.284375 0.147847785402 0.126704545455
3 0.23643169058 0.223579545455 0.12850904554 0.125568181818
3 0.388958203369 0.156534090909 0.139114160948 0.13125
3 0.551154086089 0.0889204545455 0.146600124766 0.134659090909
3 0.60480349345 0.253977272727 0.151590767311 0.140909090909
3 0.437928883344 0.321590909091 0.153462258266 0.139772727273
3 0.257641921397 0.395738636364 0.16219588272 0.136931818182
3 0.0798502807236 0.470170454545 0.145976294448 0.135795454545
0 0.752963194011 0.599147727273 0.0586400499064 0.0892045454545
