0 0.257586450247 0.772507260407 0.213126323218 0.0416263310745
0 0.869795342272 0.688286544046 0.2067748765 0.0396902226525
3 0.347918136909 0.600193610842 0.110091743119 0.0774443368829
3 0.78263937897 0.405130687318 0.127028934368 0.0871248789932
3 0.681721947777 0.273959341723 0.112914608327 0.0774443368829
3 0.875441072689 0.211035818006 0.113620324629 0.0871248789932
3 0.802752293578 0.0730880929332 0.117854622442 0.082284607938
3 0.592095977417 0.139883833495 0.119971771348 0.0784123910939
3 0.278052223006 0.457163601162 0.0564573041637 0.041142303969
3 0.226887791108 0.623184898354 0.0642201834862 0.0440464666021
