3 0.471386647102 0.0326359832636 0.113719735877 0.0627615062762
3 0.346294937638 0.065690376569 0.1100513573 0.0644351464435
3 0.338224504769 0.197280334728 0.114453411592 0.0615062761506
3 0.476522377109 0.160460251046 0.0887747615554 0.0489539748954
3 0.392149669846 0.265481171548 0.113719735877 0.0648535564854
3 0.529713866471 0.22949790795 0.0895084372707 0.0497907949791
3 0.943873807777 0.335146443515 0.0961115187087 0.0569037656904
3 0.589508437271 0.306066945607 0.126925898753 0.0732217573222
3 0.454878943507 0.342887029289 0.124724871607 0.0707112970711
3 0.732208363903 0.398535564854 0.181951577403 0.108368200837
3 0.823550990462 0.516108786611 0.200293470286 0.106694560669
3 0.526045487894 0.453347280335 0.184886280264 0.106694560669
3 0.617021276596 0.569665271967 0.187820983125 0.105020920502
3 0.199926632428 0.53640167364 0.113719735877 0.0627615062762
3 0.327586206897 0.481171548117 0.128393250183 0.0694560669456
3 0.390682318415 0.558786610879 0.119589141599 0.0723849372385
3 0.45597945708 0.637656903766 0.123991195891 0.071129707113
