0 0.264687882497 0.638207043757 0.0691554467564 0.164354322305
0 0.329559363525 0.663998577019 0.0667074663403 0.163998577019
0 0.519889840881 0.761472785486 0.0361077111383 0.0693703308431
3 0.671664626683 0.448594806119 0.137698898409 0.0846673781572
3 0.532435740514 0.387940234792 0.140758873929 0.0907150480256
3 0.329559363525 0.303272856635 0.167074663403 0.0999644254714
3 0.170746634027 0.23212379936 0.156670746634 0.0999644254714
3 0.460220318237 0.195837780149 0.0954712362301 0.0565635005336
3 0.368727050184 0.157773034507 0.093635250918 0.0558520099609
3 0.276927784578 0.117929562433 0.0948592411261 0.0565635005336
3 0.164320685435 0.0731056563501 0.0887392900857 0.0544290288154
3 0.0700734394125 0.0329064389897 0.0924112607099 0.0544290288154
3 0.151162790698 0.360014229811 0.0966952264382 0.05691924582
3 0.238984088127 0.398256848097 0.0948592411261 0.0558520099609
