3 0.647717099373 0.631655939146 0.0913160250671 0.11761263897
3 0.543196060877 0.362785254535 0.0908683974933 0.122878876536
3 0.596463742167 0.497659449971 0.091763652641 0.115272088941
3 0.453894359893 0.107080163839 0.0778871978514 0.0971328262142
3 0.307296329454 0.0588063194851 0.0890778871979 0.112931538912
3 0.381154879141 0.166179052077 0.0434198746643 0.0608543007607
3 0.401969561325 0.243417203043 0.047448522829 0.0550029256875
3 0.333930170098 0.205675833821 0.0402864816473 0.0462258630778
3 0.355192479857 0.275307197191 0.0416293643688 0.0509069631363
3 0.578558639212 0.22322995904 0.0389435989257 0.0532475131656
3 0.483885407341 0.195435927443 0.0331244404655 0.0386190754827
3 0.600940017905 0.280280866004 0.0389435989257 0.0514921006437
3 0.637421665175 0.256582796957 0.0376007162041 0.0509069631363
