3 0.264248704663 0.458333333333 0.150259067358 0.180817610063
3 0.566062176166 0.231132075472 0.147668393782 0.185534591195
3 0.290803108808 0.647012578616 0.0919689119171 0.10534591195
3 0.452720207254 0.702044025157 0.0971502590674 0.114779874214
3 0.533031088083 0.612421383648 0.0712435233161 0.0864779874214
3 0.555699481865 0.448113207547 0.0621761658031 0.0723270440252
3 0.675518134715 0.47248427673 0.0556994818653 0.0738993710692
3 0.744170984456 0.408018867925 0.0608808290155 0.0770440251572
3 0.802461139896 0.344339622642 0.0531088082902 0.059748427673
3 0.712435233161 0.207547169811 0.059585492228 0.0723270440252
3 0.631476683938 0.0817610062893 0.0634715025907 0.0786163522013
3 0.693652849741 0.329402515723 0.0556994818653 0.0707547169811
3 0.419041450777 0.353773584906 0.151554404145 0.172955974843
3 0.362046632124 0.755503144654 0.0764248704663 0.0896226415094
