3 0.488143086817 0.12580472103 0.0494372990354 0.0681330472103
3 0.541800643087 0.19313304721 0.0675241157556 0.093347639485
3 0.621985530547 0.231223175966 0.0783762057878 0.107296137339
3 0.546824758842 0.320815450644 0.0976688102894 0.12660944206
3 0.724678456592 0.303379828326 0.0442122186495 0.056330472103
3 0.777934083601 0.371244635193 0.0518488745981 0.068669527897
3 0.879622186495 0.355954935622 0.0631028938907 0.0842274678112
3 0.935088424437 0.428379828326 0.060691318328 0.0831545064378
3 0.827974276527 0.428111587983 0.0602893890675 0.0836909871245
3 0.88404340836 0.497854077253 0.0590836012862 0.0847639484979
3 0.701567524116 0.498927038627 0.0655144694534 0.0826180257511
3 0.755627009646 0.566791845494 0.064308681672 0.0820815450644
3 0.840635048232 0.575375536481 0.0542604501608 0.0788626609442
3 0.783762057878 0.657457081545 0.0610932475884 0.0853004291845
3 0.638263665595 0.56652360515 0.0610932475884 0.0804721030043
3 0.693729903537 0.638412017167 0.0618971061093 0.0836909871245
3 0.73251607717 0.730150214592 0.060691318328 0.0836909871245
0 0.670618971061 0.894849785408 0.0880225080386 0.105150214592
