3 0.210327455919 0.141843971631 0.128463476071 0.173758865248
3 0.0875314861461 0.195035460993 0.0692695214106 0.0957446808511
3 0.130982367758 0.310283687943 0.0730478589421 0.0992907801418
3 0.241183879093 0.328014184397 0.0843828715365 0.117021276596
3 0.299118387909 0.476063829787 0.0818639798489 0.118794326241
3 0.331234256927 0.0735815602837 0.0680100755668 0.101063829787
3 0.345088161209 0.24024822695 0.095717884131 0.140070921986
3 0.401763224181 0.392730496454 0.0982367758186 0.136524822695
3 0.450881612091 0.15780141844 0.0931989924433 0.131205673759
3 0.510075566751 0.312056737589 0.095717884131 0.13475177305
0 0.634130982368 0.646276595745 0.437027707809 0.374113475177
