3 0.939361702128 0.291825095057 0.112765957447 0.108365019011
3 0.825531914894 0.398288973384 0.110638297872 0.108365019011
3 0.832978723404 0.20247148289 0.0914893617021 0.0855513307985
3 0.710638297872 0.19391634981 0.0765957446809 0.0722433460076
3 0.71914893617 0.311787072243 0.0978723404255 0.0798479087452
3 0.586170212766 0.106463878327 0.0829787234043 0.0684410646388
3 0.593617021277 0.243346007605 0.106382978723 0.0912547528517
3 0.714893617021 0.507604562738 0.11914893617 0.106463878327
3 0.609574468085 0.444866920152 0.0787234042553 0.0722433460076
3 0.535106382979 0.380228136882 0.0787234042553 0.0722433460076
3 0.587234042553 0.626425855513 0.11914893617 0.100760456274
3 0.478723404255 0.533269961977 0.106382978723 0.0779467680608
3 0.387234042553 0.449619771863 0.0936170212766 0.0855513307985
3 0.472340425532 0.737642585551 0.114893617021 0.0988593155894
3 0.372340425532 0.640684410646 0.0936170212766 0.0874524714829
3 0.279787234043 0.552281368821 0.104255319149 0.0893536121673
3 0.354255319149 0.850760456274 0.117021276596 0.100760456274
3 0.258510638298 0.747148288973 0.108510638298 0.0988593155894
3 0.173404255319 0.654942965779 0.104255319149 0.0817490494297
3 0.0914893617021 0.579847908745 0.0808510638298 0.0722433460076
3 0.162765957447 0.510456273764 0.0787234042553 0.0665399239544
3 0.232978723404 0.441064638783 0.0829787234043 0.0722433460076
3 0.306382978723 0.372623574144 0.0851063829787 0.0722433460076
