3 0.458149779736 0.104166666667 0.123348017621 0.16369047619
3 0.357378854626 0.263392857143 0.126651982379 0.16369047619
3 0.612334801762 0.181547619048 0.0770925110132 0.110119047619
3 0.544052863436 0.281994047619 0.0770925110132 0.105654761905
3 0.480176211454 0.38318452381 0.0814977973568 0.111607142857
3 0.412444933921 0.483630952381 0.0803964757709 0.110119047619
3 0.345264317181 0.584821428571 0.0803964757709 0.107142857143
3 0.280286343612 0.681547619048 0.0825991189427 0.107142857143
3 0.382709251101 0.78869047619 0.0627753303965 0.0833333333333
3 0.439427312775 0.858630952381 0.0594713656388 0.0833333333333
3 0.378303964758 0.950148809524 0.0649779735683 0.0848214285714
3 0.506607929515 0.943452380952 0.079295154185 0.10119047619
3 0.594162995595 0.626488095238 0.0627753303965 0.0922619047619
