2 0.374114312707 0.593768545994 0.343882853094 0.341246290801
5 0.155408597071 0.252225519288 0.0264525271611 0.0640949554896
5 0.183750590458 0.253412462908 0.0264525271611 0.06646884273
5 0.209494567785 0.251335311573 0.0278696268304 0.0670623145401
5 0.237364194615 0.251038575668 0.0259801606046 0.06646884273
5 0.441898913557 0.925519287834 0.0524326877657 0.0373887240356
5 0.155408597071 0.872403560831 0.0292867264998 0.0652818991098
5 0.186820973075 0.86646884273 0.0297590930562 0.0640949554896
5 0.21941426547 0.859347181009 0.0297590930562 0.0640949554896
5 0.251062824752 0.851928783383 0.0307038261691 0.0635014836795
