5 0.0550193050193 0.954635108481 0.0235521235521 0.0326852634545
5 0.0816602316602 0.955903071288 0.0235521235521 0.0312764158918
5 0.107335907336 0.957171034094 0.0239382239382 0.0304311073542
5 0.0594594594595 0.901521555368 0.0223938223938 0.0318399549169
5 0.0864864864865 0.902648633418 0.0208494208494 0.0312764158918
5 0.132046332046 0.581854043393 0.023166023166 0.0315581854043
5 0.156756756757 0.583262890955 0.0223938223938 0.0309946463793
5 0.180694980695 0.584389969005 0.0216216216216 0.0298675683291
5 0.203667953668 0.585517047056 0.0227799227799 0.0304311073542
5 0.252895752896 0.587489433643 0.023166023166 0.0304311073542
5 0.276833976834 0.588898281206 0.0223938223938 0.0304311073542
2 0.437837837838 0.686672302057 0.172972972973 0.22090729783
