3 0.136775362319 0.454231433506 0.172101449275 0.158894645941
3 0.29981884058 0.397236614853 0.172101449275 0.148531951641
3 0.41847826087 0.289291882556 0.173913043478 0.150259067358
3 0.298913043478 0.582037996546 0.170289855072 0.155440414508
3 0.471920289855 0.46804835924 0.161231884058 0.158894645941
3 0.461050724638 0.654576856649 0.175724637681 0.151986183074
3 0.63768115942 0.544041450777 0.0942028985507 0.0829015544041
3 0.38134057971 0.8402417962 0.114130434783 0.105354058722
3 0.788043478261 0.706390328152 0.0942028985507 0.0863557858377
3 0.384057971014 0.952504317789 0.123188405797 0.0880829015544
3 0.502717391304 0.876511226252 0.125 0.119170984456
3 0.598731884058 0.832469775475 0.088768115942 0.0898100172712
