3 0.281355932203 0.525081433225 0.0569491525424 0.0547231270358
3 0.354237288136 0.589576547231 0.0549152542373 0.0547231270358
3 0.303050847458 0.647231270358 0.0515254237288 0.0527687296417
3 0.227457627119 0.581433224756 0.0549152542373 0.0553745928339
3 0.177627118644 0.637133550489 0.0569491525424 0.0534201954397
3 0.248813559322 0.701628664495 0.0542372881356 0.0534201954397
3 0.124406779661 0.692833876221 0.0535593220339 0.0540716612378
3 0.198305084746 0.760260586319 0.0549152542373 0.0534201954397
3 0.071186440678 0.748859934853 0.0610169491525 0.0540716612378
3 0.145084745763 0.815309446254 0.0528813559322 0.0527687296417
3 0.366440677966 0.907166123779 0.0549152542373 0.0527687296417
3 0.316610169492 0.96319218241 0.0542372881356 0.0488599348534
3 0.541355932203 0.761237785016 0.0427118644068 0.042345276873
3 0.581355932203 0.71661237785 0.0481355932203 0.0456026058632
