0 0.21797235023 0.56512605042 0.301382488479 0.491596638655
3 0.442396313364 0.81862745098 0.0995391705069 0.147058823529
3 0.587557603687 0.901960784314 0.102304147465 0.15406162465
3 0.671428571429 0.771008403361 0.100460829493 0.155462184874
3 0.521198156682 0.68137254902 0.100460829493 0.152661064426
3 0.606912442396 0.555322128852 0.102304147465 0.158263305322
3 0.753917050691 0.637254901961 0.0995391705069 0.15406162465
3 0.690783410138 0.422268907563 0.100460829493 0.147058823529
3 0.837788018433 0.500700280112 0.105069124424 0.158263305322
3 0.772811059908 0.28781512605 0.107834101382 0.155462184874
3 0.922119815668 0.371148459384 0.102304147465 0.151260504202
