5 0.397413793103 0.174129353234 0.187931034483 0.13184079602
5 0.322413793103 0.231965174129 0.18275862069 0.128109452736
5 0.572413793103 0.291666666667 0.175862068966 0.130597014925
5 0.499137931034 0.350746268657 0.181034482759 0.129353233831
5 0.740517241379 0.416044776119 0.191379310345 0.130597014925
5 0.666379310345 0.473258706468 0.187931034483 0.128109452736
5 0.456034482759 0.471393034826 0.143103448276 0.13184079602
5 0.376724137931 0.507462686567 0.160344827586 0.136815920398
5 0.614655172414 0.621890547264 0.160344827586 0.139303482587
5 0.521551724138 0.664800995025 0.163793103448 0.138059701493
5 0.761206896552 0.787313432836 0.163793103448 0.139303482587
5 0.671551724138 0.828980099502 0.163793103448 0.133084577114
