2 0.694035947712 0.357142857143 0.404411764706 0.453201970443
7 0.246732026144 0.527093596059 0.401960784314 0.294334975369
5 0.514297385621 0.633620689655 0.046568627451 0.0665024630542
5 0.566993464052 0.637007389163 0.047385620915 0.0683497536946
5 0.369281045752 0.724445812808 0.0490196078431 0.067118226601
5 0.424428104575 0.726293103448 0.046568627451 0.0683497536946
5 0.232434640523 0.754002463054 0.046568627451 0.0683497536946
5 0.28635620915 0.756773399015 0.046568627451 0.0689655172414
5 0.189133986928 0.879926108374 0.0482026143791 0.0665024630542
5 0.136846405229 0.876231527094 0.046568627451 0.0665024630542
