3 0.392089093702 0.172566371681 0.105222734255 0.132743362832
3 0.428571428571 0.388397246804 0.139784946237 0.184857423795
3 0.545314900154 0.556538839725 0.153609831029 0.19075712881
3 0.296082949309 0.543756145526 0.140552995392 0.176991150442
3 0.40975422427 0.711406096362 0.145161290323 0.185840707965
3 0.310291858679 0.266961651917 0.0752688172043 0.0993117010816
3 0.22465437788 0.368731563422 0.0806451612903 0.110127826942
3 0.15668202765 0.444936086529 0.0614439324117 0.0776794493609
3 0.0614439324117 0.545722713864 0.0675883256528 0.0845624385447
3 0.114439324117 0.621435594887 0.0675883256528 0.0884955752212
3 0.167434715822 0.696656833825 0.0660522273425 0.0875122910521
3 0.220430107527 0.773844641101 0.0675883256528 0.086529006883
3 0.270737327189 0.850540806293 0.068356374808 0.0884955752212
3 0.323732718894 0.925270403147 0.0637480798771 0.0845624385447
