2 0.674479166667 0.752955082742 0.479910714286 0.379432624113
5 0.89099702381 0.17109929078 0.078125 0.0596926713948
5 0.854538690476 0.201241134752 0.078125 0.0620567375887
5 0.819568452381 0.230791962175 0.078125 0.0620567375887
5 0.783110119048 0.260047281324 0.0766369047619 0.0626477541371
5 0.748511904762 0.289007092199 0.077380952381 0.0579196217494
5 0.711681547619 0.320035460993 0.0751488095238 0.0608747044917
5 0.678199404762 0.347517730496 0.0766369047619 0.0614657210402
5 0.64025297619 0.378841607565 0.0751488095238 0.0602836879433
7 0.303571428571 0.553191489362 0.299107142857 0.219858156028
7 0.35900297619 0.394799054374 0.292410714286 0.228132387707
