7 0.658311345646 0.603375527426 0.372031662269 0.472573839662
5 0.347845206684 0.194092827004 0.0923482849604 0.105485232068
5 0.315303430079 0.239978902954 0.0905892700088 0.106540084388
5 0.282321899736 0.286392405063 0.0932277924362 0.106540084388
5 0.249340369393 0.333333333333 0.0958663148637 0.105485232068
5 0.218997361478 0.373945147679 0.0932277924362 0.104430379747
5 0.422163588391 0.348101265823 0.0914687774846 0.10970464135
5 0.388302550572 0.394514767932 0.0958663148637 0.105485232068
5 0.354881266491 0.441455696203 0.0976253298153 0.106540084388
5 0.323658751099 0.489451476793 0.0932277924362 0.105485232068
5 0.29199648197 0.534282700422 0.0914687774846 0.104430379747
5 0.372911169745 0.736286919831 0.0791556728232 0.116033755274
5 0.433597185576 0.695675105485 0.0773966578716 0.117088607595
5 0.441952506596 0.877637130802 0.0782761653474 0.113924050633
5 0.500439753738 0.838080168776 0.07563764292 0.112869198312
