3 0.139733840304 0.305706521739 0.169201520913 0.122282608696
3 0.325095057034 0.20652173913 0.155893536122 0.111413043478
3 0.500950570342 0.120244565217 0.153992395437 0.11277173913
3 0.63783269962 0.254076086957 0.17680608365 0.133152173913
3 0.464828897338 0.34375 0.165399239544 0.125
3 0.761406844106 0.389945652174 0.157794676806 0.111413043478
3 0.587452471483 0.477581521739 0.152091254753 0.11277173913
3 0.269011406844 0.478260869565 0.245247148289 0.176630434783
3 0.442015209125 0.657608695652 0.245247148289 0.182065217391
3 0.61216730038 0.841711956522 0.254752851711 0.180706521739
