3 0.614375 0.220443349754 0.15875 0.160098522167
3 0.7325 0.383004926108 0.16 0.167487684729
3 0.845 0.536945812808 0.1575 0.165024630542
3 0.680625 0.652093596059 0.15875 0.156403940887
3 0.568125 0.496921182266 0.16375 0.163793103448
3 0.45 0.332512315271 0.16 0.165024630542
3 0.2875 0.449507389163 0.1625 0.160098522167
3 0.400625 0.61145320197 0.16375 0.161330049261
3 0.5125 0.764778325123 0.16 0.160098522167
3 0.349375 0.87684729064 0.15875 0.155172413793
3 0.235 0.714901477833 0.1625 0.166256157635
3 0.124375 0.552339901478 0.16125 0.161330049261
