3 0.231651376147 0.198401162791 0.178899082569 0.219476744186
3 0.109518348624 0.420058139535 0.182339449541 0.218023255814
3 0.407110091743 0.349563953488 0.18119266055 0.22238372093
3 0.285550458716 0.571947674419 0.185779816514 0.216569767442
3 0.578555045872 0.505087209302 0.184633027523 0.213662790698
3 0.461009174312 0.729651162791 0.183486238532 0.218023255814
3 0.755733944954 0.65988372093 0.178899082569 0.226744186047
3 0.634174311927 0.880813953488 0.18119266055 0.218023255814
3 0.878440366972 0.372093023256 0.231651376147 0.296511627907
3 0.636467889908 0.161337209302 0.233944954128 0.290697674419
