3 0.647129186603 0.234669811321 0.181818181818 0.176886792453
3 0.5245215311 0.415683962264 0.178229665072 0.180424528302
3 0.401913875598 0.589622641509 0.186602870813 0.176886792453
3 0.280502392344 0.765330188679 0.180622009569 0.174528301887
3 0.832535885167 0.357311320755 0.179425837321 0.183962264151
3 0.715311004785 0.537735849057 0.188995215311 0.176886792453
3 0.592105263158 0.713443396226 0.193779904306 0.176886792453
3 0.4754784689 0.889150943396 0.204545454545 0.179245283019
3 0.0980861244019 0.639740566038 0.186602870813 0.182783018868
3 0.471889952153 0.109669811321 0.173444976077 0.176886792453
3 0.351674641148 0.287146226415 0.193779904306 0.17570754717
3 0.221889952153 0.460495283019 0.197368421053 0.17570754717
3 0.914473684211 0.801297169811 0.13038277512 0.137971698113
