3 0.448567708333 0.175228310502 0.13671875 0.122146118721
3 0.593098958333 0.263698630137 0.13671875 0.123287671233
3 0.741536458333 0.353881278539 0.14453125 0.123287671233
3 0.891927083333 0.445776255708 0.1484375 0.124429223744
3 0.35546875 0.296232876712 0.140625 0.126712328767
3 0.497395833333 0.38299086758 0.140625 0.119863013699
3 0.649088541667 0.473173515982 0.141927083333 0.12899543379
3 0.799479166667 0.565639269406 0.143229166667 0.12899543379
3 0.261067708333 0.414383561644 0.14453125 0.123287671233
3 0.404947916667 0.506278538813 0.143229166667 0.119863013699
3 0.55078125 0.593607305936 0.140625 0.123287671233
3 0.701822916667 0.684360730594 0.138020833333 0.126712328767
3 0.164713541667 0.534246575342 0.141927083333 0.123287671233
3 0.313151041667 0.626141552511 0.141927083333 0.119863013699
3 0.455729166667 0.714611872146 0.145833333333 0.125570776256
3 0.610026041667 0.805936073059 0.147135416667 0.130136986301
3 0.0729166666667 0.658105022831 0.135416666667 0.12899543379
3 0.215494791667 0.745433789954 0.139322916667 0.12100456621
3 0.358072916667 0.837328767123 0.145833333333 0.126712328767
3 0.512369791667 0.926940639269 0.139322916667 0.125570776256
