3 0.495810055866 0.122267759563 0.220670391061 0.209016393443
3 0.345670391061 0.318989071038 0.230446927374 0.217213114754
3 0.19343575419 0.531420765027 0.219273743017 0.218579234973
3 0.72625698324 0.221994535519 0.164804469274 0.178961748634
3 0.611033519553 0.377732240437 0.168994413408 0.170765027322
3 0.495111731844 0.539617486339 0.166201117318 0.161202185792
3 0.378491620112 0.705601092896 0.159217877095 0.157103825137
3 0.891759776536 0.328551912568 0.168994413408 0.162568306011
3 0.777234636872 0.494535519126 0.171787709497 0.158469945355
3 0.66061452514 0.658469945355 0.167597765363 0.166666666667
3 0.549581005587 0.821721311475 0.166201117318 0.159836065574
