5 0.343941717791 0.425163704397 0.0421779141104 0.10009354537
5 0.397622699387 0.421421889616 0.0437116564417 0.10009354537
5 0.451687116564 0.416744621141 0.0460122699387 0.10383536015
5 0.504601226994 0.414405986904 0.0429447852761 0.101028999065
5 0.557515337423 0.411599625819 0.0444785276074 0.0991580916745
5 0.611196319018 0.408325537886 0.0444785276074 0.10196445276
5 0.666794478528 0.405519176801 0.045245398773 0.10009354537
5 0.719325153374 0.401777362021 0.0475460122699 0.10196445276
5 0.771472392638 0.397100093545 0.0414110429448 0.0982226379794
5 0.825920245399 0.394761459308 0.0414110429448 0.0954162768943
5 0.837423312883 0.71141253508 0.0383435582822 0.0963517305893
5 0.78527607362 0.715622076707 0.0398773006135 0.0972871842844
5 0.731595092025 0.718428437792 0.0398773006135 0.0972871842844
5 0.677530674847 0.722170252572 0.0406441717791 0.0972871842844
5 0.625 0.725444340505 0.0383435582822 0.0963517305893
5 0.571319018405 0.729186155285 0.0398773006135 0.0982226379794
5 0.518021472393 0.732460243218 0.0406441717791 0.0972871842844
5 0.46472392638 0.735266604303 0.0398773006135 0.0954162768943
5 0.411426380368 0.738540692236 0.0421779141104 0.0963517305893
5 0.35736196319 0.741814780168 0.0398773006135 0.0972871842844
