3 0.324583866837 0.241674167417 0.249679897567 0.168316831683
3 0.654929577465 0.18901890189 0.272727272727 0.187218721872
3 0.53457106274 0.392439243924 0.270166453265 0.17101710171
3 0.421254801536 0.594059405941 0.258642765685 0.176417641764
3 0.211267605634 0.430243024302 0.253521126761 0.165616561656
3 0.447503201024 0.0873087308731 0.154929577465 0.0990099009901
3 0.587708066581 0.716471647165 0.13828425096 0.0882088208821
3 0.452624839949 0.766426642664 0.144686299616 0.0837083708371
3 0.898847631242 0.180918091809 0.151088348271 0.0882088208821
3 0.0998719590269 0.284428442844 0.145966709347 0.0828082808281
