3 0.82560137457 0.168053244592 0.30412371134 0.296173044925
3 0.439003436426 0.161397670549 0.159793814433 0.153078202995
3 0.518041237113 0.302828618968 0.156357388316 0.149750415973
3 0.599656357388 0.440099833611 0.158075601375 0.151414309484
3 0.677835051546 0.579034941764 0.156357388316 0.146422628952
3 0.753436426117 0.715474209651 0.156357388316 0.149750415973
3 0.169243986254 0.3153078203 0.16323024055 0.151414309484
3 0.245704467354 0.453410981697 0.158075601375 0.151414309484
3 0.327319587629 0.588186356073 0.159793814433 0.144758735441
3 0.403780068729 0.72462562396 0.154639175258 0.148086522463
3 0.48883161512 0.863560732113 0.152920962199 0.146422628952
