5 0.419330289193 0.25828460039 0.181126331811 0.196881091618
5 0.365296803653 0.360623781676 0.179604261796 0.194931773879
5 0.314307458143 0.466861598441 0.17503805175 0.200779727096
5 0.259512937595 0.570175438596 0.178082191781 0.196881091618
5 0.62100456621 0.422027290448 0.179604261796 0.200779727096
5 0.56697108067 0.529239766082 0.178082191781 0.200779727096
5 0.514459665145 0.634502923977 0.176560121766 0.196881091618
5 0.462709284627 0.74171539961 0.176560121766 0.196881091618
5 0.746575342466 0.594541910331 0.147640791476 0.2261208577
5 0.63698630137 0.817738791423 0.147640791476 0.220272904483
