3 0.252252252252 0.154392764858 0.216216216216 0.223514211886
3 0.0984555984556 0.375322997416 0.184041184041 0.187338501292
3 0.499356499356 0.181524547804 0.226512226512 0.220930232558
3 0.430501930502 0.410206718346 0.191763191763 0.197674418605
3 0.726512226512 0.227390180879 0.184041184041 0.180878552972
3 0.679536679537 0.456072351421 0.226512226512 0.232558139535
3 0.215572715573 0.69315245478 0.178893178893 0.182170542636
3 0.545045045045 0.723514211886 0.178893178893 0.186046511628
3 0.880952380952 0.6834625323 0.191763191763 0.201550387597
3 0.362934362934 0.877260981912 0.213642213642 0.222222222222
