5 0.556589147287 0.265934065934 0.102325581395 0.131868131868
5 0.651937984496 0.253296703297 0.106976744186 0.126373626374
5 0.506201550388 0.456043956044 0.11007751938 0.127472527473
5 0.601550387597 0.444505494505 0.108527131783 0.126373626374
5 0.696124031008 0.43021978022 0.108527131783 0.128571428571
5 0.553488372093 0.632417582418 0.105426356589 0.126373626374
5 0.649612403101 0.618681318681 0.105426356589 0.12967032967
5 0.748837209302 0.605494505495 0.108527131783 0.127472527473
5 0.595348837209 0.810989010989 0.105426356589 0.134065934066
5 0.696899224806 0.796153846154 0.103875968992 0.130769230769
5 0.800775193798 0.779120879121 0.103875968992 0.131868131868
