5 0.104411764706 0.217519685039 0.105882352941 0.23031496063
5 0.193382352941 0.192913385827 0.104411764706 0.228346456693
5 0.294117647059 0.163385826772 0.111764705882 0.232283464567
5 0.381617647059 0.135826771654 0.104411764706 0.224409448819
5 0.158088235294 0.528543307087 0.104411764706 0.234251968504
5 0.244117647059 0.503937007874 0.105882352941 0.232283464567
5 0.344852941176 0.472440944882 0.104411764706 0.232283464567
5 0.434558823529 0.446850393701 0.107352941176 0.228346456693
5 0.205882352941 0.840551181102 0.102941176471 0.236220472441
5 0.297058823529 0.814960629921 0.105882352941 0.232283464567
5 0.397794117647 0.784448818898 0.104411764706 0.23031496063
5 0.4875 0.757874015748 0.107352941176 0.228346456693
