7 0.789874551971 0.533805888768 0.375448028674 0.594329334787
5 0.474910394265 0.123773173391 0.0878136200717 0.127589967285
5 0.528673835125 0.163576881134 0.0878136200717 0.126499454744
5 0.581989247312 0.202835332606 0.0851254480287 0.126499454744
5 0.635752688172 0.241548527808 0.086917562724 0.127589967285
5 0.689516129032 0.281352235551 0.086917562724 0.128680479826
5 0.393369175627 0.288440567067 0.0878136200717 0.127589967285
5 0.445788530466 0.328244274809 0.086917562724 0.128680479826
5 0.500448028674 0.368593238822 0.086917562724 0.128680479826
5 0.55376344086 0.407851690294 0.0878136200717 0.126499454744
5 0.608422939068 0.446564885496 0.0878136200717 0.127589967285
4 0.531362007168 0.54852780807 0.100358422939 0.111232279171
