5 0.40012254902 0.4375 0.109068627451 0.204861111111
5 0.468137254902 0.480034722222 0.107843137255 0.210069444444
5 0.535539215686 0.5234375 0.110294117647 0.206597222222
5 0.602941176471 0.567708333333 0.110294117647 0.208333333333
5 0.669730392157 0.611111111111 0.109068627451 0.204861111111
5 0.317401960784 0.697048611111 0.107843137255 0.206597222222
5 0.384803921569 0.741319444444 0.110294117647 0.204861111111
5 0.451593137255 0.782118055556 0.109068627451 0.206597222222
5 0.519607843137 0.829861111111 0.110294117647 0.204861111111
5 0.585784313725 0.871527777778 0.110294117647 0.208333333333
