5 0.323605706874 0.164150943396 0.115434500649 0.22641509434
5 0.398184176394 0.21320754717 0.11673151751 0.22641509434
5 0.469520103761 0.261320754717 0.11673151751 0.220754716981
5 0.543450064851 0.310377358491 0.11673151751 0.220754716981
5 0.616083009079 0.358490566038 0.11673151751 0.222641509434
5 0.218547341115 0.501886792453 0.112840466926 0.22641509434
5 0.291180285344 0.552830188679 0.112840466926 0.218867924528
5 0.363813229572 0.599056603774 0.115434500649 0.220754716981
5 0.4364461738 0.65 0.115434500649 0.220754716981
5 0.509727626459 0.697169811321 0.11673151751 0.220754716981
