5 0.76159554731 0.412447257384 0.128014842301 0.246835443038
5 0.641929499072 0.439873417722 0.126159554731 0.251054852321
5 0.52133580705 0.464135021097 0.126159554731 0.244725738397
5 0.405380333952 0.486286919831 0.124304267161 0.246835443038
5 0.257884972171 0.857594936709 0.12987012987 0.246835443038
5 0.371057513915 0.837552742616 0.122448979592 0.244725738397
5 0.479591836735 0.814345991561 0.128014842301 0.240506329114
5 0.591836734694 0.789029535865 0.12987012987 0.248945147679
5 0.703153988868 0.764767932489 0.126159554731 0.242616033755
5 0.813543599258 0.743670886076 0.124304267161 0.246835443038
5 0.923005565863 0.71835443038 0.128014842301 0.242616033755
