5 0.400510204082 0.431875525652 0.0918367346939 0.0832632464256
5 0.41549744898 0.500841042893 0.0911989795918 0.0866274179983
5 0.43112244898 0.568124474348 0.0905612244898 0.0832632464256
5 0.447066326531 0.637931034483 0.0905612244898 0.0832632464256
5 0.503507653061 0.426408746846 0.0605867346939 0.122792262405
5 0.53443877551 0.561396131203 0.0612244897959 0.121951219512
5 0.59375 0.352396972246 0.0918367346939 0.0841042893188
5 0.608737244898 0.420521446594 0.0911989795918 0.0824222035324
5 0.624043367347 0.488645920942 0.0899234693878 0.0841042893188
5 0.639668367347 0.55550883095 0.0905612244898 0.0832632464256
