5 0.932522123894 0.643686502177 0.112831858407 0.210449927431
5 0.850110619469 0.681422351234 0.111725663717 0.210449927431
5 0.718473451327 0.735123367199 0.116150442478 0.210449927431
5 0.641592920354 0.769230769231 0.115044247788 0.211901306241
5 0.564712389381 0.804789550073 0.113938053097 0.213352685051
5 0.494469026549 0.555152394775 0.117256637168 0.213352685051
5 0.571902654867 0.519593613933 0.115044247788 0.214804063861
5 0.648783185841 0.484760522496 0.116150442478 0.211901306241
5 0.731747787611 0.438316400581 0.111725663717 0.211901306241
5 0.806969026549 0.399854862119 0.111725663717 0.210449927431
5 0.883849557522 0.364296081277 0.112831858407 0.211901306241
