5 0.345514950166 0.133888048411 0.146179401993 0.20726172466
5 0.282392026578 0.213313161876 0.146179401993 0.205748865356
5 0.217607973422 0.296520423601 0.147286821705 0.208774583964
5 0.152823920266 0.376701966717 0.146179401993 0.202723146747
5 0.0880398671096 0.456883509834 0.147286821705 0.208774583964
5 0.49446290144 0.353252647504 0.145071982281 0.210287443268
5 0.429678848283 0.434947049924 0.141749723145 0.213313161876
5 0.362126245847 0.515128593041 0.150609080842 0.20726172466
5 0.301218161683 0.594553706505 0.141749723145 0.205748865356
5 0.234219269103 0.675491679274 0.147286821705 0.210287443268
