5 0.754651162791 0.36884057971 0.151162790698 0.198550724638
5 0.687790697674 0.448550724638 0.154651162791 0.198550724638
5 0.619186046512 0.522463768116 0.156976744186 0.204347826087
5 0.549418604651 0.602898550725 0.159302325581 0.197101449275
5 0.481976744186 0.677536231884 0.156976744186 0.198550724638
5 0.911046511628 0.58115942029 0.152325581395 0.2
5 0.844186046512 0.655072463768 0.155813953488 0.202898550725
5 0.776162790698 0.734057971014 0.154651162791 0.201449275362
5 0.709302325581 0.810869565217 0.153488372093 0.198550724638
5 0.64011627907 0.888405797101 0.156976744186 0.197101449275
