5 0.323759791123 0.611954459203 0.138381201044 0.138519924099
5 0.420365535248 0.639943074004 0.140992167102 0.137571157495
5 0.513707571802 0.668406072106 0.139686684073 0.137571157495
5 0.609007832898 0.698292220114 0.139686684073 0.136622390892
5 0.704960835509 0.726280834915 0.135770234987 0.137571157495
5 0.233681462141 0.776091081594 0.13315926893 0.136622390892
5 0.327023498695 0.8055028463 0.134464751958 0.134724857685
5 0.422323759791 0.831593927894 0.137075718016 0.137571157495
5 0.516971279373 0.861954459203 0.135770234987 0.137571157495
5 0.61227154047 0.889468690702 0.135770234987 0.135673624288
