3 0.356932153392 0.390499194847 0.159292035398 0.169082125604
3 0.173303834808 0.367954911433 0.146017699115 0.152979066023
3 0.351032448378 0.522544283414 0.0973451327434 0.0950080515298
3 0.175516224189 0.537842190016 0.147492625369 0.148148148148
3 0.379793510324 0.703703703704 0.104719764012 0.112721417069
3 0.272123893805 0.704508856683 0.0870206489676 0.101449275362
3 0.375368731563 0.856682769726 0.0899705014749 0.0998389694042
3 0.289085545723 0.855072463768 0.0855457227139 0.0933977455717
3 0.205752212389 0.85346215781 0.0781710914454 0.0837359098229
3 0.129056047198 0.850241545894 0.0722713864307 0.0805152979066
