3 0.65438247012 0.402843601896 0.169322709163 0.126382306477
3 0.451195219124 0.401263823065 0.185258964143 0.142180094787
3 0.233067729084 0.430489731438 0.179282868526 0.13112164297
3 0.243027888446 0.562401263823 0.139442231076 0.110584518167
3 0.439243027888 0.560821484992 0.185258964143 0.135860979463
3 0.651394422311 0.562401263823 0.167330677291 0.123222748815
3 0.647410358566 0.728278041074 0.167330677291 0.126382306477
3 0.442231075697 0.72195892575 0.155378486056 0.126382306477
3 0.235059760956 0.720379146919 0.159362549801 0.123222748815
3 0.648406374502 0.890995260664 0.149402390438 0.113744075829
3 0.434262948207 0.888625592417 0.167330677291 0.137440758294
3 0.231075697211 0.883096366509 0.159362549801 0.123222748815
