6 0.328234265734 0.575854700855 0.179195804196 0.215811965812
6 0.502185314685 0.633012820513 0.170454545455 0.176282051282
6 0.625 0.661858974359 0.157342657343 0.195512820513
6 0.649912587413 0.147435897436 0.0515734265734 0.0512820512821
6 0.606206293706 0.315705128205 0.0568181818182 0.0459401709402
6 0.658653846154 0.317841880342 0.0498251748252 0.0416666666667
6 0.684877622378 0.34188034188 0.0585664335664 0.0512820512821
6 0.736888111888 0.344551282051 0.0576923076923 0.0502136752137
6 0.765297202797 0.315170940171 0.0480769230769 0.0448717948718
6 0.919143356643 0.745726495726 0.0620629370629 0.0512820512821
