6 0.433962264151 0.172576832151 0.150943396226 0.108747044917
6 0.595911949686 0.206855791962 0.122641509434 0.0921985815603
6 0.433962264151 0.301418439716 0.163522012579 0.115839243499
6 0.259433962264 0.394799054374 0.172955974843 0.113475177305
6 0.768867924528 0.483451536643 0.154088050314 0.111111111111
6 0.606918238994 0.593380614657 0.163522012579 0.113475177305
6 0.61320754717 0.72695035461 0.157232704403 0.115839243499
6 0.435534591195 0.689125295508 0.179245283019 0.139479905437
6 0.451257861635 0.823877068558 0.172955974843 0.120567375887
6 0.279874213836 0.924349881797 0.157232704403 0.113475177305
6 0.11320754717 0.89598108747 0.176100628931 0.127659574468
