3 0.452631578947 0.211849192101 0.162406015038 0.16157989228
3 0.629323308271 0.325852782765 0.193984962406 0.213644524237
3 0.818796992481 0.346499102334 0.157894736842 0.168761220826
3 0.730827067669 0.520646319569 0.168421052632 0.168761220826
3 0.545864661654 0.573608617594 0.192481203008 0.210053859964
3 0.414285714286 0.39407540395 0.163909774436 0.163375224417
3 0.367669172932 0.581687612208 0.160902255639 0.168761220826
3 0.693984962406 0.709156193896 0.16992481203 0.16157989228
3 0.31954887218 0.777378815081 0.163909774436 0.172351885099
3 0.493233082707 0.824057450628 0.174436090226 0.183123877917
3 0.661654135338 0.903052064632 0.156390977444 0.16157989228
