3 0.270761245675 0.158964879852 0.174740484429 0.162661737523
3 0.446366782007 0.214417744917 0.173010380623 0.166358595194
3 0.625432525952 0.272643253235 0.174740484429 0.175600739372
3 0.572664359862 0.459334565619 0.18339100346 0.171903881701
3 0.39446366782 0.403881700555 0.179930795848 0.16820702403
3 0.2223183391 0.347504621072 0.171280276817 0.170055452865
3 0.157439446367 0.583179297597 0.179930795848 0.175600739372
3 0.33044982699 0.634011090573 0.179930795848 0.170055452865
3 0.505190311419 0.691312384473 0.186851211073 0.177449168207
3 0.107266435986 0.761552680222 0.166089965398 0.155268022181
3 0.281141868512 0.825323475046 0.188581314879 0.16820702403
3 0.457612456747 0.883548983364 0.185121107266 0.158964879852
