3 0.469004893964 0.150773195876 0.213703099511 0.286082474227
3 0.691680261011 0.10824742268 0.133768352365 0.164948453608
3 0.657422512235 0.289948453608 0.123980424144 0.177835051546
3 0.818923327896 0.15206185567 0.120717781403 0.164948453608
3 0.784665579119 0.336340206186 0.123980424144 0.172680412371
3 0.124796084829 0.353092783505 0.115823817292 0.154639175258
3 0.23735725938 0.404639175258 0.115823817292 0.149484536082
3 0.361337683524 0.469072164948 0.112561174551 0.154639175258
3 0.47471451876 0.519329896907 0.117455138662 0.15206185567
3 0.582381729201 0.567010309278 0.114192495922 0.149484536082
3 0.690864600326 0.617268041237 0.112561174551 0.146907216495
3 0.800978792822 0.672680412371 0.117455138662 0.164948453608
3 0.106851549755 0.561855670103 0.125611745514 0.154639175258
3 0.222675367047 0.613402061856 0.115823817292 0.154639175258
3 0.327079934747 0.661082474227 0.109298531811 0.14175257732
3 0.434747145188 0.712628865979 0.109298531811 0.14175257732
3 0.546492659054 0.762886597938 0.117455138662 0.159793814433
3 0.65823817292 0.814432989691 0.112561174551 0.144329896907
