3 0.110476190476 0.115141955836 0.144761904762 0.107255520505
3 0.259047619048 0.119085173502 0.152380952381 0.108832807571
3 0.449523809524 0.177444794953 0.167619047619 0.111987381703
3 0.446666666667 0.317823343849 0.169523809524 0.118296529968
3 0.106666666667 0.235015772871 0.148571428571 0.10094637224
3 0.262857142857 0.240536277603 0.152380952381 0.102523659306
3 0.0980952380952 0.354100946372 0.146666666667 0.111987381703
3 0.255238095238 0.359621451104 0.15619047619 0.107255520505
3 0.0895238095238 0.470820189274 0.148571428571 0.102523659306
3 0.242857142857 0.477129337539 0.154285714286 0.102523659306
3 0.434285714286 0.467665615142 0.190476190476 0.140378548896
3 0.112380952381 0.592271293375 0.140952380952 0.105678233438
3 0.255238095238 0.59858044164 0.148571428571 0.102523659306
3 0.42380952381 0.63643533123 0.188571428571 0.146687697161
3 0.110476190476 0.710567823344 0.148571428571 0.105678233438
3 0.235238095238 0.706624605678 0.11619047619 0.0788643533123
3 0.311428571429 0.765772870662 0.112380952381 0.0804416403785
3 0.43619047619 0.778391167192 0.144761904762 0.108832807571
3 0.225714285714 0.811514195584 0.12380952381 0.083596214511
