3 0.135670731707 0.138047138047 0.216463414634 0.208754208754
3 0.207317073171 0.382154882155 0.225609756098 0.212121212121
3 0.480182926829 0.282828282828 0.22256097561 0.215488215488
3 0.72256097561 0.188552188552 0.219512195122 0.215488215488
3 0.786585365854 0.442760942761 0.207317073171 0.191919191919
3 0.868902439024 0.673400673401 0.201219512195 0.20202020202
3 0.579268292683 0.513468013468 0.213414634146 0.191919191919
3 0.669207317073 0.747474747475 0.210365853659 0.195286195286
3 0.381097560976 0.582491582492 0.201219512195 0.195286195286
3 0.446646341463 0.835016835017 0.204268292683 0.20202020202
