3 0.208064516129 0.103422619048 0.149462365591 0.197916666667
3 0.451612903226 0.122767857143 0.154838709677 0.191964285714
3 0.582795698925 0.328869047619 0.163440860215 0.21130952381
3 0.717741935484 0.520833333333 0.166666666667 0.22619047619
3 0.501075268817 0.556547619048 0.156989247312 0.196428571429
3 0.61935483871 0.728422619048 0.154838709677 0.191964285714
3 0.377419354839 0.714285714286 0.152688172043 0.193452380952
3 0.488172043011 0.889136904762 0.150537634409 0.186011904762
3 0.199462365591 0.438244047619 0.151612903226 0.191964285714
3 0.325806451613 0.280505952381 0.150537634409 0.19494047619
3 0.0849462365591 0.260416666667 0.141935483871 0.199404761905
3 0.598387096774 0.0669642857143 0.102150537634 0.122023809524
