3 0.501672240803 0.174061433447 0.354515050167 0.300341296928
3 0.767558528428 0.476109215017 0.371237458194 0.310580204778
3 0.254180602007 0.288395904437 0.19397993311 0.153583617747
3 0.122073578595 0.41638225256 0.210702341137 0.150170648464
3 0.364548494983 0.412969283276 0.200668896321 0.136518771331
3 0.230769230769 0.537542662116 0.19397993311 0.139931740614
3 0.528428093645 0.602389078498 0.207357859532 0.146757679181
3 0.645484949833 0.725255972696 0.214046822742 0.139931740614
3 0.397993311037 0.723549488055 0.214046822742 0.150170648464
3 0.5 0.853242320819 0.204013377926 0.143344709898
