3 0.20303030303 0.132513661202 0.157575757576 0.232240437158
3 0.425 0.161202185792 0.162121212121 0.245901639344
3 0.657575757576 0.144808743169 0.112121212121 0.16393442623
3 0.731060606061 0.28825136612 0.113636363636 0.161202185792
3 0.582575757576 0.266393442623 0.116666666667 0.172131147541
3 0.653787878788 0.416666666667 0.113636363636 0.150273224044
3 0.503787878788 0.392076502732 0.119696969697 0.161202185792
3 0.580303030303 0.53825136612 0.112121212121 0.153005464481
3 0.310606060606 0.346994535519 0.163636363636 0.229508196721
3 0.427272727273 0.516393442623 0.121212121212 0.158469945355
3 0.50303030303 0.669398907104 0.118181818182 0.153005464481
3 0.0886363636364 0.321038251366 0.162121212121 0.243169398907
3 0.192424242424 0.534153005464 0.163636363636 0.243169398907
3 0.35 0.637978142077 0.118181818182 0.161202185792
3 0.275 0.765027322404 0.125757575758 0.16393442623
3 0.42803030303 0.789617486339 0.116666666667 0.16393442623
3 0.349242424242 0.91393442623 0.113636363636 0.161202185792
3 0.840909090909 0.517759562842 0.115151515152 0.166666666667
3 0.763636363636 0.636612021858 0.121212121212 0.174863387978
3 0.688636363636 0.766393442623 0.113636363636 0.177595628415
3 0.615151515152 0.890710382514 0.121212121212 0.153005464481
3 0.914393939394 0.665300546448 0.116666666667 0.166666666667
3 0.840151515152 0.78825136612 0.116666666667 0.166666666667
3 0.764393939394 0.907103825137 0.122727272727 0.16393442623
