3 0.0952722063037 0.123873873874 0.15329512894 0.207207207207
3 0.315902578797 0.172297297297 0.156160458453 0.186936936937
3 0.204154727794 0.323198198198 0.150429799427 0.20045045045
3 0.414040114613 0.347972972973 0.154727793696 0.20045045045
3 0.525071633238 0.186936936937 0.15329512894 0.198198198198
3 0.304441260745 0.505630630631 0.161891117479 0.213963963964
3 0.775071633238 0.230855855856 0.114613180516 0.141891891892
3 0.69770773639 0.332207207207 0.114613180516 0.132882882883
3 0.628223495702 0.435810810811 0.113180515759 0.137387387387
3 0.558022922636 0.537162162162 0.110315186246 0.141891891892
3 0.486389684814 0.636261261261 0.113180515759 0.132882882883
3 0.41547277937 0.739864864865 0.111747851003 0.132882882883
3 0.833810888252 0.472972972973 0.194842406877 0.279279279279
3 0.69340974212 0.670045045045 0.19770773639 0.263513513514
3 0.553724928367 0.85472972973 0.202005730659 0.263513513514
