3 0.279437609842 0.0852156057495 0.137082601054 0.11704312115
3 0.19683655536 0.177618069815 0.130052724077 0.125256673511
3 0.105448154657 0.273100616016 0.133567662566 0.123203285421
3 0.190685413005 0.38090349076 0.142355008787 0.11704312115
3 0.0984182776801 0.473305954825 0.130052724077 0.129363449692
3 0.27855887522 0.286447638604 0.124780316344 0.11704312115
3 0.367311072056 0.195071868583 0.133567662566 0.11498973306
3 0.499121265378 0.407597535934 0.193321616872 0.182751540041
3 0.360281195079 0.545174537988 0.200351493849 0.17864476386
3 0.228471001757 0.689938398357 0.189806678383 0.188911704312
3 0.0984182776801 0.833675564682 0.189806678383 0.17659137577
3 0.621265377856 0.566735112936 0.18453427065 0.180698151951
3 0.482425307557 0.712525667351 0.181019332162 0.180698151951
3 0.347100175747 0.852156057495 0.177504393673 0.184804928131
3 0.756590509666 0.751540041068 0.188049209139 0.184804928131
3 0.623901581722 0.889117043121 0.186291739895 0.188911704312
3 0.883128295255 0.907597535934 0.191564147627 0.17659137577
