3 0.410256410256 0.0990853658537 0.2 0.17987804878
3 0.280769230769 0.234756097561 0.202564102564 0.176829268293
3 0.402564102564 0.407012195122 0.184615384615 0.185975609756
3 0.538461538462 0.268292682927 0.2 0.182926829268
3 0.662820512821 0.128048780488 0.187179487179 0.182926829268
3 0.870512820513 0.403963414634 0.197435897436 0.185975609756
3 0.746153846154 0.539634146341 0.2 0.189024390244
3 0.610256410256 0.681402439024 0.2 0.198170731707
3 0.867948717949 0.716463414634 0.192307692308 0.176829268293
3 0.738461538462 0.849085365854 0.189743589744 0.17987804878
