3 0.0843137254902 0.101282051282 0.109803921569 0.115384615385
3 0.230392156863 0.107692307692 0.170588235294 0.174358974359
3 0.36862745098 0.0961538461538 0.145098039216 0.166666666667
3 0.53137254902 0.101282051282 0.16862745098 0.166666666667
3 0.670588235294 0.0974358974359 0.145098039216 0.164102564103
3 0.802941176471 0.0987179487179 0.147058823529 0.182051282051
3 0.806862745098 0.291025641026 0.143137254902 0.166666666667
3 0.675490196078 0.292307692308 0.150980392157 0.164102564103
3 0.539215686275 0.29358974359 0.152941176471 0.161538461538
3 0.374509803922 0.29358974359 0.164705882353 0.161538461538
3 0.233333333333 0.291025641026 0.156862745098 0.15641025641
3 0.0901960784314 0.3 0.160784313725 0.164102564103
3 0.807843137255 0.566666666667 0.141176470588 0.164102564103
3 0.679411764706 0.578205128205 0.158823529412 0.176923076923
3 0.541176470588 0.575641025641 0.160784313725 0.161538461538
3 0.36568627451 0.578205128205 0.158823529412 0.176923076923
3 0.809803921569 0.771794871795 0.149019607843 0.179487179487
3 0.680392156863 0.767948717949 0.152941176471 0.161538461538
3 0.540196078431 0.774358974359 0.150980392157 0.164102564103
3 0.371568627451 0.775641025641 0.166666666667 0.171794871795
3 0.16862745098 0.639743589744 0.258823529412 0.315384615385
3 0.0549019607843 0.526923076923 0.0980392156863 0.120512820513
