3 0.274258760108 0.247609942639 0.16846361186 0.200764818356
3 0.427897574124 0.248565965583 0.160377358491 0.206500956023
3 0.578167115903 0.24569789675 0.156334231806 0.204588910134
3 0.725741239892 0.24378585086 0.154986522911 0.204588910134
3 0.27358490566 0.495219885277 0.167115902965 0.195028680688
3 0.429245283019 0.493307839388 0.157681940701 0.198852772467
3 0.578167115903 0.495219885277 0.159029649596 0.202676864245
3 0.729110512129 0.496175908222 0.150943396226 0.21223709369
3 0.674528301887 0.810707456979 0.203504043127 0.217973231358
3 0.481805929919 0.815487571702 0.192722371968 0.239005736138
3 0.289757412399 0.812619502868 0.180592991914 0.229445506692
