3 0.12447257384 0.136633663366 0.227848101266 0.170297029703
3 0.405063291139 0.113861386139 0.172995780591 0.132673267327
3 0.56223628692 0.110891089109 0.166666666667 0.134653465347
3 0.723628691983 0.110891089109 0.164556962025 0.134653465347
3 0.14029535865 0.346534653465 0.23417721519 0.170297029703
3 0.48417721519 0.337623762376 0.229957805907 0.176237623762
3 0.731012658228 0.331683168317 0.229957805907 0.180198019802
3 0.237341772152 0.607920792079 0.229957805907 0.182178217822
3 0.482067510549 0.60495049505 0.229957805907 0.180198019802
3 0.731012658228 0.6 0.229957805907 0.174257425743
3 0.739451476793 0.872277227723 0.229957805907 0.188118811881
3 0.491561181435 0.874257425743 0.232067510549 0.184158415842
3 0.233122362869 0.879207920792 0.238396624473 0.182178217822
