3 0.936170212766 0.09375 0.127659574468 0.114919354839
3 0.418762088975 0.160282258065 0.137330754352 0.122983870968
3 0.510638297872 0.273185483871 0.139264990329 0.122983870968
3 0.601547388781 0.373991935484 0.147001934236 0.122983870968
3 0.318181818182 0.256048387097 0.148936170213 0.129032258065
3 0.414893617021 0.365927419355 0.141199226306 0.122983870968
3 0.501934235977 0.469758064516 0.137330754352 0.116935483871
3 0.213733075435 0.454637096774 0.222437137331 0.191532258065
3 0.356866537718 0.576612903226 0.160541586074 0.133064516129
3 0.238878143133 0.680443548387 0.160541586074 0.14314516129
3 0.719535783366 0.534274193548 0.197292069632 0.185483870968
3 0.560928433269 0.679435483871 0.208897485493 0.189516129032
3 0.41586073501 0.823588709677 0.197292069632 0.179435483871
3 0.868471953578 0.697580645161 0.2166344294 0.193548387097
3 0.703094777563 0.850806451613 0.218568665377 0.193548387097
