3 0.563667232598 0.163019693654 0.118845500849 0.133479212254
3 0.724108658744 0.169584245077 0.123938879457 0.133479212254
3 0.914261460102 0.249452954048 0.120543293718 0.135667396061
3 0.800509337861 0.285557986871 0.123938879457 0.120350109409
3 0.877758913413 0.396061269147 0.129032258065 0.140043763676
3 0.637521222411 0.274617067834 0.134125636672 0.133479212254
3 0.717317487267 0.386214442013 0.120543293718 0.133479212254
3 0.790322580645 0.496717724289 0.127334465195 0.131291028446
3 0.480475382003 0.259299781182 0.13921901528 0.133479212254
3 0.546689303905 0.369803063457 0.13921901528 0.126914660832
3 0.629881154499 0.481400437637 0.135823429542 0.135667396061
3 0.707130730051 0.592997811816 0.127334465195 0.140043763676
3 0.387096774194 0.365426695842 0.135823429542 0.131291028446
3 0.463497453311 0.474835886214 0.125636672326 0.131291028446
3 0.199490662139 0.435448577681 0.127334465195 0.131291028446
3 0.277589134126 0.545951859956 0.134125636672 0.124726477024
3 0.345500848896 0.655361050328 0.127334465195 0.133479212254
3 0.112054329372 0.535010940919 0.122241086587 0.133479212254
3 0.187606112054 0.643326039387 0.123938879457 0.122538293217
3 0.264855687606 0.753829321663 0.125636672326 0.124726477024
3 0.541595925297 0.703501094092 0.193548387097 0.229759299781
3 0.388794567063 0.877461706783 0.200339558574 0.223194748359
