3 0.26843100189 0.204500978474 0.117202268431 0.103718199609
3 0.604914933837 0.1614481409 0.13988657845 0.127201565558
3 0.493383742911 0.264187866928 0.143667296786 0.125244618395
3 0.695652173913 0.272994129159 0.147448015123 0.127201565558
3 0.588846880907 0.375733855186 0.141776937618 0.12133072407
3 0.38752362949 0.365949119374 0.143667296786 0.125244618395
3 0.787334593573 0.381604696673 0.145557655955 0.117416829746
3 0.687145557656 0.482387475538 0.153119092628 0.115459882583
3 0.481096408318 0.474559686888 0.137996219282 0.123287671233
3 0.577504725898 0.581213307241 0.145557655955 0.125244618395
3 0.879962192817 0.489236790607 0.145557655955 0.133072407045
3 0.778827977316 0.585127201566 0.132325141777 0.125244618395
3 0.670132325142 0.685909980431 0.164461247637 0.123287671233
3 0.206049149338 0.529354207436 0.13988657845 0.119373776908
3 0.31190926276 0.633072407045 0.147448015123 0.131115459883
3 0.10775047259 0.625244618395 0.147448015123 0.123287671233
3 0.209829867675 0.735812133072 0.143667296786 0.125244618395
3 0.390359168242 0.866927592955 0.240075614367 0.215264187867
