3 0.736111111111 0.216168717047 0.183333333333 0.284710017575
3 0.378888888889 0.157293497364 0.111111111111 0.152899824253
3 0.182777777778 0.152021089631 0.103333333333 0.152899824253
3 0.183888888889 0.328646748682 0.107777777778 0.144112478032
3 0.325 0.380492091388 0.0433333333333 0.0615114235501
3 0.372777777778 0.380492091388 0.0455555555556 0.0650263620387
3 0.794444444444 0.568541300527 0.0333333333333 0.0509666080844
3 0.827777777778 0.569420035149 0.0355555555556 0.0527240773286
3 0.810555555556 0.64762741652 0.0433333333333 0.0685413005272
3 0.854444444444 0.64762741652 0.0466666666667 0.0685413005272
