3 0.105704697987 0.172897196262 0.154362416107 0.191588785047
3 0.109060402685 0.394859813084 0.157718120805 0.191588785047
3 0.106543624161 0.570093457944 0.142617449664 0.163551401869
3 0.106543624161 0.768691588785 0.139261744966 0.172897196262
3 0.607382550336 0.375 0.110738255034 0.142523364486
3 0.726510067114 0.417056074766 0.0738255033557 0.0771028037383
3 0.114932885906 0.931074766355 0.0687919463087 0.0911214953271
3 0.890939597315 0.663551401869 0.0671140939597 0.0934579439252
3 0.80788590604 0.689252336449 0.122483221477 0.14953271028
3 0.872483221477 0.870327102804 0.11744966443 0.156542056075
