3 0.353174603175 0.139664804469 0.1 0.0810055865922
3 0.461111111111 0.148044692737 0.0777777777778 0.0614525139665
3 0.538095238095 0.148044692737 0.0730158730159 0.0558659217877
3 0.270634920635 0.326117318436 0.119047619048 0.090782122905
3 0.415079365079 0.277932960894 0.131746031746 0.106145251397
3 0.542857142857 0.23812849162 0.0730158730159 0.0600558659218
3 0.539682539683 0.310055865922 0.0888888888889 0.0670391061453
3 0.536507936508 0.38687150838 0.0984126984127 0.0670391061453
3 0.264285714286 0.632681564246 0.0873015873016 0.0865921787709
3 0.361111111111 0.636173184358 0.112698412698 0.090782122905
3 0.447619047619 0.603351955307 0.0603174603175 0.0502793296089
3 0.498412698413 0.599860335196 0.047619047619 0.0488826815642
3 0.262698412698 0.72905027933 0.0809523809524 0.0670391061453
3 0.342857142857 0.730446927374 0.0857142857143 0.0670391061453
3 0.886507936508 0.638966480447 0.0904761904762 0.0684357541899
