3 0.132905591201 0.163453478625 0.170485792851 0.15255658005
3 0.376718606783 0.129924559933 0.199816681943 0.169321039396
3 0.603116406966 0.116093880972 0.197983501375 0.173512154233
3 0.835930339138 0.114417435038 0.190650779102 0.170159262364
3 0.83409715857 0.333612740989 0.190650779102 0.17770326907
3 0.606782768103 0.336127409891 0.183318056829 0.162615255658
3 0.366636113657 0.368818105616 0.205316223648 0.1743503772
3 0.134738771769 0.370494551551 0.163153070577 0.137468566639
3 0.136571952337 0.585917854149 0.155820348304 0.142497904443
3 0.365719523373 0.587594300084 0.196150320807 0.169321039396
3 0.603116406966 0.555741827326 0.190650779102 0.162615255658
3 0.83409715857 0.556580050293 0.186984417965 0.164291701593
3 0.135655362053 0.790444258173 0.197983501375 0.176026823135
3 0.36938588451 0.808046940486 0.188817598533 0.164291701593
3 0.601283226398 0.77870913663 0.197983501375 0.172673931266
3 0.835013748854 0.777032690696 0.196150320807 0.165968147527
