3 0.682720953327 0.149874055416 0.110228401192 0.133501259446
3 0.862462760675 0.153652392947 0.104270109235 0.130982367758
3 0.679245283019 0.334382871537 0.101290963257 0.117128463476
3 0.858987090367 0.336901763224 0.0973187686197 0.122166246851
3 0.823733862959 0.554785894207 0.140019860973 0.164987405542
3 0.639026812314 0.553526448363 0.140019860973 0.159949622166
3 0.771102284012 0.773929471033 0.207547169811 0.248110831234
3 0.402184707051 0.451511335013 0.172790466733 0.207808564232
3 0.399702085402 0.719143576826 0.179741807349 0.201511335013
3 0.124131082423 0.446473551637 0.170804369414 0.210327455919
3 0.127110228401 0.717884130982 0.17676266137 0.211586901763
