3 0.775 0.20802238806 0.071875 0.0876865671642
3 0.6046875 0.184701492537 0.09375 0.10447761194
3 0.4671875 0.182835820896 0.103125 0.119402985075
3 0.13984375 0.213619402985 0.1390625 0.154850746269
3 0.2828125 0.317164179104 0.134375 0.152985074627
3 0.7921875 0.544776119403 0.059375 0.0746268656716
3 0.87421875 0.629664179104 0.1359375 0.158582089552
3 0.88828125 0.831156716418 0.1546875 0.188432835821
3 0.71015625 0.227611940299 0.0234375 0.0373134328358
3 0.551953125 0.269589552239 0.02578125 0.0279850746269
3 0.552734375 0.302705223881 0.02421875 0.0307835820896
3 0.47734375 0.31296641791 0.028125 0.0345149253731
