6 0.163829787234 0.229755178908 0.0851063829787 0.0866290018832
6 0.222340425532 0.320150659134 0.0829787234043 0.0941619585687
6 0.306382978723 0.413370998117 0.0893617021277 0.0922787193974
6 0.371276595745 0.510357815443 0.0787234042553 0.0790960451977
6 0.431914893617 0.588512241055 0.0893617021277 0.0772128060264
6 0.489361702128 0.659133709981 0.0808510638298 0.0866290018832
6 0.574468085106 0.730696798493 0.0808510638298 0.0866290018832
6 0.632978723404 0.813559322034 0.0829787234043 0.075329566855
6 0.118085106383 0.503766478343 0.0829787234043 0.0922787193974
6 0.185106382979 0.590395480226 0.0808510638298 0.0847457627119
6 0.1 0.573446327684 0.0808510638298 0.0885122410546
6 0.160638297872 0.658192090395 0.0872340425532 0.0885122410546
6 0.227659574468 0.747645951036 0.0808510638298 0.0866290018832
6 0.297872340426 0.75988700565 0.0765957446809 0.0847457627119
6 0.356382978723 0.835216572505 0.0829787234043 0.0847457627119
6 0.334042553191 0.893596986817 0.0808510638298 0.0772128060264
6 0.068085106383 0.915254237288 0.0978723404255 0.10922787194
