10 0.127001779359 0.549145299145 0.19884341637 0.25641025641
11 0.279137010676 0.544337606838 0.214857651246 0.25
10 0.445507117438 0.548344017094 0.205960854093 0.270833333333
10 0.607206405694 0.535523504274 0.202846975089 0.267628205128
10 0.764679715302 0.504273504274 0.205516014235 0.269230769231
10 0.79537366548 0.819177350427 0.194839857651 0.232371794872
11 0.628558718861 0.836805555556 0.184163701068 0.219551282051
11 0.152357651246 0.887286324786 0.161476868327 0.195512820513
10 0.271797153025 0.228632478632 0.186832740214 0.224358974359
10 0.427491103203 0.206997863248 0.172597864769 0.216346153846
11 0.587855871886 0.20219017094 0.174822064057 0.219551282051
11 0.11365658363 0.238247863248 0.169483985765 0.221153846154
