3 0.459836065574 0.143488745981 0.152459016393 0.156752411576
3 0.581147540984 0.229903536977 0.155737704918 0.163987138264
3 0.702049180328 0.313906752412 0.156557377049 0.174437299035
3 0.82131147541 0.400723472669 0.162295081967 0.159967845659
3 0.363524590164 0.280144694534 0.15 0.156752411576
3 0.479508196721 0.363745980707 0.150819672131 0.15192926045
3 0.598360655738 0.449758842444 0.150819672131 0.161575562701
3 0.723770491803 0.536173633441 0.152459016393 0.162379421222
3 0.269672131148 0.406752411576 0.152459016393 0.157556270096
3 0.170491803279 0.540996784566 0.155737704918 0.152733118971
3 0.392213114754 0.493167202572 0.159836065574 0.158360128617
3 0.293032786885 0.627009646302 0.156557377049 0.152733118971
3 0.511475409836 0.570739549839 0.152459016393 0.151125401929
3 0.412295081967 0.712620578778 0.152459016393 0.150321543408
3 0.635245901639 0.659163987138 0.145901639344 0.152733118971
3 0.531967213115 0.798231511254 0.152459016393 0.149517684887
11 0.209836065574 0.295418006431 0.216393442623 0.230707395498
11 0.755327868852 0.79421221865 0.299180327869 0.289389067524
