12 0.0609452736318 0.644675150703 0.119900497512 0.216342933691
12 0.198009950249 0.849296718017 0.044776119403 0.0843938379102
12 0.418407960199 0.954119223041 0.0437810945274 0.0877427997321
12 0.752985074627 0.802411252512 0.100995024876 0.129939718687
12 0.934577114428 0.485264567984 0.129850746269 0.1748158071
12 0.889800995025 0.229738780978 0.055223880597 0.0723375753516
12 0.561194029851 0.0743469524447 0.108457711443 0.139316811788
12 0.44328358209 0.0251172136638 0.0358208955224 0.0475552578701
12 0.594029850746 0.60281312793 0.158208955224 0.178164768922
10 0.149502487562 0.475552578701 0.240298507463 0.341594105827
10 0.315174129353 0.616208975218 0.20447761194 0.305425318151
10 0.493532338308 0.757870060281 0.25671641791 0.355659745479
10 0.719651741294 0.48158070998 0.207462686567 0.28533154722
10 0.525621890547 0.308774279973 0.225373134328 0.309444072338
11 0.353233830846 0.181178834561 0.197014925373 0.271265907569
