12 0.132549655452 0.126128158845 0.0445885691123 0.0618231046931
11 0.0948520470207 0.16809566787 0.108633968383 0.125
12 0.355492501013 0.171931407942 0.0705310093231 0.302346570397
12 0.266720713417 0.376579422383 0.0786380218889 0.0221119133574
11 0.193960275638 0.357175090253 0.129306850426 0.150270758123
11 0.441021483583 0.872292418773 0.212403729226 0.229241877256
10 0.216457235509 0.733303249097 0.184839886502 0.20036101083
10 0.407782732063 0.652075812274 0.201053911634 0.225631768953
10 0.371301175517 0.352436823105 0.19943250912 0.240072202166
11 0.794487231455 0.806407942238 0.154033238752 0.180505415162
11 0.802594244021 0.618682310469 0.146736927442 0.177797833935
11 0.942845561411 0.822653429603 0.111066072152 0.132671480144
11 0.533441426834 0.306859205776 0.241588974463 0.254512635379
5 0.602553708958 0.365523465704 0.0547223348196 0.0749097472924
11 0.863802188893 0.353790613718 0.222132144305 0.241877256318
11 0.68179975679 0.225180505415 0.205918119173 0.246389891697
12 0.710376976084 0.466380866426 0.107417916498 0.0663357400722
12 0.0316173490069 0.88357400722 0.0389136603162 0.100180505415
