8 0.840663900415 0.369744744745 0.280497925311 0.545795795796
8 0.636514522822 0.53490990991 0.346887966805 0.728978978979
8 0.386721991701 0.600975975976 0.348547717842 0.734984984985
8 0.147717842324 0.618243243243 0.285477178423 0.616366366366
8 0.157676348548 0.287537537538 0.132780082988 0.0720720720721
8 0.397510373444 0.227477477477 0.147717842324 0.0780780780781
8 0.63153526971 0.165165165165 0.127800829876 0.0705705705706
12 0.824481327801 0.0506756756757 0.14356846473 0.0608108108108
12 0.536099585062 0.0476726726727 0.0497925311203 0.0848348348348
12 0.275933609959 0.196321321321 0.422406639004 0.135885885886
12 0.307468879668 0.100225225225 0.339419087137 0.153903903904
