12 0.0714285714286 0.360992301112 0.125244618395 0.287425149701
12 0.329256360078 0.150556030796 0.42759295499 0.147134302823
12 0.149706457926 0.30624465355 0.105675146771 0.119760479042
12 0.244618395303 0.27373823781 0.0939334637965 0.102651839179
12 0.330234833659 0.239093242087 0.0772994129159 0.0778443113772
12 0.611056751468 0.392643284859 0.400195694716 0.123182207015
12 0.651174168297 0.322925577417 0.286692759295 0.098374679213
12 0.367906066536 0.609495295124 0.105675146771 0.137724550898
12 0.736301369863 0.666381522669 0.218199608611 0.0804106073567
12 0.474070450098 0.719418306245 0.286692759295 0.131736526946
12 0.697162426614 0.839606501283 0.288649706458 0.0966638152267
12 0.728473581213 0.894354148845 0.235812133072 0.0881094952951
