12 0.838405036726 0.892541087231 0.218258132214 0.101137800253
12 0.789087093389 0.811630847029 0.195173137461 0.136536030341
12 0.772822665268 0.688369152971 0.236096537251 0.155499367889
12 0.60703043022 0.553729456384 0.231899265477 0.113780025284
12 0.466421825813 0.510113780025 0.187827911857 0.122629582807
12 0.42444910808 0.431099873578 0.206715634837 0.131479140329
12 0.692549842602 0.205436156764 0.11962224554 0.312262958281
12 0.811647429171 0.166877370417 0.0703043022036 0.242730720607
12 0.302203567681 0.659292035398 0.232948583421 0.0847029077118
12 0.430220356768 0.694058154235 0.279118572928 0.113780025284
12 0.241343126967 0.800884955752 0.0797481636936 0.193426042984
