12 0.145046329294 0.364855072464 0.287241625089 0.045652173913
12 0.2982893799 0.499275362319 0.0392017106201 0.236231884058
12 0.185673556664 0.619565217391 0.19743406985 0.0333333333333
12 0.109052031361 0.556884057971 0.205274411974 0.0601449275362
12 0.111190306486 0.488043478261 0.208125445474 0.0615942028986
12 0.117248752673 0.422101449275 0.204561653599 0.0615942028986
11 0.353528153956 0.301811594203 0.31789023521 0.322463768116
11 0.691019244476 0.294927536232 0.244476122594 0.263768115942
11 0.769422665716 0.776086956522 0.221667854597 0.23768115942
11 0.345331432644 0.754710144928 0.214540270848 0.219565217391
11 0.34319315752 0.644565217391 0.213114754098 0.216666666667
