12 0.845667870036 0.228515625 0.102888086643 0.3671875
12 0.92238267148 0.271484375 0.086642599278 0.2578125
12 0.548285198556 0.29638671875 0.120036101083 0.4228515625
12 0.48059566787 0.2958984375 0.10559566787 0.37109375
12 0.426895306859 0.34716796875 0.117328519856 0.3876953125
12 0.322202166065 0.392578125 0.0956678700361 0.337890625
12 0.166516245487 0.39794921875 0.166967509025 0.0771484375
12 0.151173285199 0.498046875 0.271660649819 0.14453125
12 0.148465703971 0.5869140625 0.240974729242 0.09765625
12 0.324909747292 0.62646484375 0.102888086643 0.0673828125
12 0.118682310469 0.67041015625 0.118231046931 0.0654296875
12 0.1809566787 0.77197265625 0.0694945848375 0.1845703125
12 0.121389891697 0.8564453125 0.0731046931408 0.232421875
10 0.450812274368 0.5732421875 0.253610108303 0.283203125
11 0.516696750903 0.861328125 0.240974729242 0.25
