12 0.88029925187 0.246212121212 0.197007481297 0.168181818182
12 0.793640897756 0.351515151515 0.195760598504 0.166666666667
12 0.75 0.500757575758 0.188279301746 0.189393939394
12 0.690773067332 0.636363636364 0.149625935162 0.163636363636
12 0.645885286783 0.790909090909 0.122194513716 0.142424242424
12 0.574189526185 0.922727272727 0.158354114713 0.127272727273
12 0.297381546135 0.858333333333 0.288029925187 0.195454545455
12 0.167705735661 0.431060606061 0.215710723192 0.531818181818
12 0.470074812968 0.199242424242 0.43391521197 0.289393939394
12 0.497506234414 0.35 0.13216957606 0.136363636364
12 0.554862842893 0.587121212121 0.142144638404 0.404545454545
