3 0.113020833333 0.490384615385 0.0510416666667 0.0454545454545
3 0.168229166667 0.502185314685 0.046875 0.0410839160839
3 0.100520833333 0.534090909091 0.053125 0.0314685314685
3 0.157291666667 0.543269230769 0.04375 0.0358391608392
3 0.0947916666667 0.578234265734 0.05 0.0393356643357
3 0.1515625 0.586538461538 0.046875 0.0367132867133
3 0.2953125 0.393356643357 0.0510416666667 0.0332167832168
3 0.286458333333 0.430944055944 0.0520833333333 0.0314685314685
3 0.259895833333 0.480332167832 0.0697916666667 0.0480769230769
3 0.236979166667 0.553321678322 0.0447916666667 0.041958041958
3 0.2953125 0.564685314685 0.0552083333333 0.0402097902098
3 0.225520833333 0.599213286713 0.0510416666667 0.0340909090909
3 0.285416666667 0.611013986014 0.05 0.0384615384615
3 0.216145833333 0.640734265734 0.0552083333333 0.034965034965
