2 0.531418918919 0.533155487805 0.212162162162 0.27743902439
4 0.625675675676 0.735899390244 0.0256756756757 0.046493902439
4 0.643243243243 0.724085365854 0.0297297297297 0.047256097561
2 0.633783783784 0.73056402439 0.109459459459 0.0846036585366
2 0.672297297297 0.134146341463 0.175675675676 0.214176829268
4 0.61722972973 0.10556402439 0.0331081081081 0.0609756097561
4 0.637837837838 0.093368902439 0.0351351351351 0.0640243902439
4 0.657432432432 0.0804115853659 0.0364864864865 0.0564024390244
4 0.684459459459 0.0682164634146 0.0310810810811 0.0548780487805
4 0.651689189189 0.177972560976 0.0277027027027 0.0548780487805
4 0.674662162162 0.166539634146 0.0277027027027 0.0564024390244
4 0.696959459459 0.153201219512 0.0290540540541 0.0602134146341
4 0.716216216216 0.13300304878 0.027027027027 0.0548780487805
5 0.447297297297 0.397484756098 0.0567567567568 0.0579268292683
5 0.495608108108 0.371951219512 0.0533783783784 0.063262195122
