2 0.615727002967 0.537128712871 0.26409495549 0.546204620462
5 0.191394658754 0.46204620462 0.0385756676558 0.0825082508251
5 0.238872403561 0.467821782178 0.0356083086053 0.0775577557756
5 0.286350148368 0.470297029703 0.0356083086053 0.0726072607261
5 0.330860534125 0.479372937294 0.0385756676558 0.0709570957096
5 0.379080118694 0.48597359736 0.0370919881306 0.0742574257426
4 0.773367952522 0.611798679868 0.0437685459941 0.0866336633663
4 0.817507418398 0.611798679868 0.0385756676558 0.0849834983498
4 0.771513353116 0.714933993399 0.040059347181 0.0882838283828
4 0.810830860534 0.714521452145 0.0341246290801 0.0874587458746
