5 0.629464285714 0.701315789474 0.0870535714286 0.131578947368
5 0.681361607143 0.651973684211 0.0904017857143 0.135526315789
5 0.746651785714 0.626315789474 0.0803571428571 0.144736842105
4 0.66796875 0.384868421053 0.1171875 0.164473684211
4 0.742745535714 0.338815789474 0.114955357143 0.161842105263
4 0.814732142857 0.294078947368 0.122767857143 0.159210526316
5 0.467075892857 0.511184210526 0.0904017857143 0.125
5 0.521205357143 0.469078947368 0.0959821428571 0.122368421053
5 0.585379464286 0.436842105263 0.0859375 0.121052631579
4 0.861049107143 0.624342105263 0.103794642857 0.148684210526
