7 0.1625 0.376112759644 0.259782608696 0.348664688427
7 0.486413043478 0.185459940653 0.272826086957 0.308605341246
7 0.399456521739 0.864985163205 0.214130434783 0.261127596439
5 0.701086956522 0.313056379822 0.117391304348 0.121661721068
5 0.665760869565 0.402818991098 0.111956521739 0.129080118694
5 0.882608695652 0.439169139466 0.108695652174 0.127596439169
5 0.849456521739 0.537833827893 0.114130434783 0.123145400593
4 0.483695652174 0.566023738872 0.152173913043 0.158753709199
4 0.44347826087 0.668397626113 0.160869565217 0.143916913947
4 0.658152173913 0.680267062315 0.146739130435 0.176557863501
4 0.61902173913 0.792284866469 0.142391304348 0.166172106825
