4 0.116666666667 0.229591836735 0.117283950617 0.18804664723
4 0.193209876543 0.296647230321 0.102469135802 0.161807580175
4 0.276543209877 0.350583090379 0.113580246914 0.155976676385
4 0.352469135802 0.413265306122 0.117283950617 0.17055393586
4 0.432098765432 0.471574344023 0.116049382716 0.16472303207
4 0.507407407407 0.524781341108 0.111111111111 0.154518950437
4 0.588888888889 0.58527696793 0.111111111111 0.155976676385
4 0.661111111111 0.64139941691 0.114814814815 0.183673469388
4 0.73950617284 0.687317784257 0.106172839506 0.179300291545
4 0.815432098765 0.751457725948 0.104938271605 0.167638483965
