2 0.156476449275 0.666482300885 0.132246376812 0.351769911504
2 0.895606884058 0.181969026549 0.121376811594 0.347345132743
1 0.464900362319 0.517146017699 0.457427536232 0.70796460177
5 0.214900362319 0.637997787611 0.0194746376812 0.0547566371681
4 0.230072463768 0.699944690265 0.023097826087 0.0647123893805
4 0.245018115942 0.680309734513 0.0244565217391 0.0641592920354
4 0.250566123188 0.735619469027 0.0269474637681 0.0564159292035
5 0.968297101449 0.29314159292 0.0176630434783 0.0519911504425
5 0.979846014493 0.276548672566 0.0190217391304 0.0564159292035
5 0.981770833333 0.359789823009 0.0178894927536 0.0580752212389
5 0.992074275362 0.347345132743 0.0149456521739 0.0553097345133
