1 0.398401162791 0.672449832776 0.590697674419 0.553511705686
1 0.667587209302 0.282817725753 0.533720930233 0.503344481605
4 0.197819767442 0.419732441472 0.0165697674419 0.0213210702341
4 0.204360465116 0.430602006689 0.0165697674419 0.0225752508361
4 0.211264534884 0.402278428094 0.0170058139535 0.0223662207358
4 0.217223837209 0.414088628763 0.0161337209302 0.0200668896321
4 0.224127906977 0.386392140468 0.0142441860465 0.0206939799331
4 0.230159883721 0.397575250836 0.0158430232558 0.0204849498328
4 0.237281976744 0.36893812709 0.015261627907 0.0217391304348
4 0.243459302326 0.379389632107 0.0148255813953 0.0225752508361
4 0.252761627907 0.34970735786 0.0168604651163 0.0221571906355
4 0.258575581395 0.360158862876 0.0148255813953 0.0221571906355
