5 0.809523809524 0.229581673307 0.0986394557823 0.0986055776892
5 0.208333333333 0.146912350598 0.107142857143 0.102589641434
5 0.391156462585 0.167828685259 0.0986394557823 0.102589641434
5 0.243197278912 0.324701195219 0.0850340136054 0.103585657371
5 0.409013605442 0.417330677291 0.103741496599 0.097609561753
5 0.373299319728 0.58764940239 0.100340136054 0.0956175298805
5 0.584183673469 0.578685258964 0.0969387755102 0.113545816733
5 0.770408163265 0.598605577689 0.102040816327 0.105577689243
5 0.381802721088 0.760458167331 0.0969387755102 0.0986055776892
5 0.482142857143 0.770418326693 0.107142857143 0.0966135458167
5 0.64880952381 0.788346613546 0.103741496599 0.0966135458167
5 0.748299319728 0.800298804781 0.115646258503 0.102589641434
5 0.85119047619 0.815239043825 0.0969387755102 0.102589641434
