2 0.32421875 0.674471299094 0.359375 0.496978851964
4 0.126953125 0.292296072508 0.08203125 0.101208459215
4 0.20556640625 0.291918429003 0.0771484375 0.101963746224
4 0.283203125 0.289652567976 0.068359375 0.0959214501511
4 0.3603515625 0.288141993958 0.072265625 0.0989425981873
4 0.44091796875 0.287764350453 0.0634765625 0.0996978851964
4 0.18505859375 0.134063444109 0.0556640625 0.0777945619335
4 0.25927734375 0.131797583082 0.0576171875 0.0793051359517
4 0.49853515625 0.126510574018 0.0712890625 0.0929003021148
4 0.57958984375 0.124622356495 0.0751953125 0.0966767371601
4 0.6591796875 0.125377643505 0.0703125 0.102719033233
4 0.60107421875 0.283987915408 0.0732421875 0.0891238670695
4 0.6796875 0.284743202417 0.06640625 0.0906344410876
4 0.755859375 0.282099697885 0.0703125 0.0898791540785
4 0.83251953125 0.279456193353 0.0615234375 0.0921450151057
