2 0.179190751445 0.689418859649 0.312138728324 0.366776315789
2 0.110910404624 0.230263157895 0.214595375723 0.281798245614
5 0.0747832369942 0.439967105263 0.0382947976879 0.0509868421053
5 0.113800578035 0.441063596491 0.0310693641618 0.0520833333333
4 0.166546242775 0.423519736842 0.0455202312139 0.0608552631579
4 0.215317919075 0.422423245614 0.0433526011561 0.0575657894737
4 0.263367052023 0.423245614035 0.0469653179191 0.0559210526316
4 0.309971098266 0.420504385965 0.0491329479769 0.0603070175439
4 0.356213872832 0.411184210526 0.0433526011561 0.0559210526316
4 0.373193641618 0.30235745614 0.0455202312139 0.0652412280702
4 0.417268786127 0.296326754386 0.0513005780347 0.0674342105263
5 0.278540462428 0.31798245614 0.0382947976879 0.0548245614035
5 0.325144508671 0.305372807018 0.0404624277457 0.0504385964912
