4 0.108005082592 0.438552188552 0.0711562897078 0.180134680135
4 0.181702668361 0.440235690236 0.0660736975858 0.176767676768
4 0.491740787802 0.612794612795 0.0711562897078 0.181818181818
4 0.491105463787 0.808922558923 0.0724269377382 0.176767676768
5 0.305590851334 0.604377104377 0.0520965692503 0.154882154882
5 0.358958068615 0.606902356902 0.0470139771283 0.156565656566
5 0.414866581957 0.607744107744 0.0470139771283 0.151515151515
5 0.296060991105 0.803872053872 0.0533672172808 0.159932659933
5 0.35959339263 0.804713804714 0.0559085133418 0.158249158249
5 0.419313850064 0.807239057239 0.0508259212198 0.156565656566
