5 0.643497757848 0.0984848484848 0.0792227204783 0.136363636364
5 0.149476831091 0.209090909091 0.0807174887892 0.142424242424
5 0.255605381166 0.190151515152 0.0866965620329 0.15
5 0.357249626308 0.176515151515 0.0837070254111 0.15303030303
5 0.458146487294 0.160606060606 0.0822122571001 0.145454545455
5 0.39312406577 0.389393939394 0.0896860986547 0.145454545455
5 0.494020926756 0.375757575758 0.0792227204783 0.145454545455
5 0.595665171898 0.359090909091 0.0792227204783 0.142424242424
5 0.696562032885 0.345454545455 0.0777279521674 0.148484848485
5 0.423766816143 0.598484848485 0.0762331838565 0.139393939394
5 0.528400597907 0.585606060606 0.0792227204783 0.143939393939
5 0.624813153961 0.571212121212 0.0777279521674 0.145454545455
5 0.727952167414 0.555303030303 0.0747384155456 0.14696969697
5 0.455904334828 0.810606060606 0.0747384155456 0.148484848485
5 0.556053811659 0.795454545455 0.0777279521674 0.148484848485
5 0.656950672646 0.777272727273 0.0792227204783 0.148484848485
5 0.762331838565 0.764393939394 0.0837070254111 0.14696969697
