6 0.116903359889 0.920756416029 0.0945618288881 0.120666366502
6 0.24939383443 0.783881134624 0.0540353307932 0.0702386312472
6 0.363699341877 0.644304367402 0.0914444059577 0.115263394867
6 0.491860062348 0.507429085997 0.0595774160028 0.0756416028816
6 0.570142015933 0.421882035119 0.0609629373052 0.0702386312472
6 0.668514028403 0.312021611887 0.0609629373052 0.0738406123368
6 0.795289227572 0.161638901396 0.0789747142362 0.108059432688
6 0.903533079321 0.0436740207114 0.0571527537236 0.0666366501576
6 0.41149982681 0.151733453399 0.0872878420506 0.127870328681
6 0.291652234153 0.217469608285 0.0637339799099 0.0936515083296
