4 0.138554216867 0.176859504132 0.089156626506 0.204958677686
4 0.139156626506 0.379338842975 0.0855421686747 0.18347107438
4 0.140361445783 0.628099173554 0.0879518072289 0.228099173554
4 0.137951807229 0.862809917355 0.0831325301205 0.221487603306
4 0.228313253012 0.173553719008 0.0759036144578 0.198347107438
4 0.228915662651 0.38347107438 0.0795180722892 0.181818181818
4 0.228915662651 0.628925619835 0.0771084337349 0.236363636364
4 0.225301204819 0.864462809917 0.0795180722892 0.211570247934
4 0.313253012048 0.181818181818 0.0771084337349 0.198347107438
4 0.313855421687 0.385123966942 0.078313253012 0.19173553719
4 0.315662650602 0.634710743802 0.0795180722892 0.231404958678
4 0.312048192771 0.861983471074 0.0819277108434 0.209917355372
4 0.4 0.178512396694 0.0771084337349 0.198347107438
4 0.398795180723 0.381818181818 0.0771084337349 0.185123966942
4 0.400602409639 0.631404958678 0.078313253012 0.221487603306
4 0.401204819277 0.861983471074 0.0771084337349 0.209917355372
4 0.488554216867 0.180165289256 0.0855421686747 0.198347107438
4 0.492168674699 0.637190082645 0.0807228915663 0.21652892562
