2 0.708928571429 0.568027210884 0.414285714286 0.605442176871
5 0.394642857143 0.649659863946 0.05 0.0850340136054
5 0.459821428571 0.649659863946 0.0446428571429 0.0918367346939
4 0.264285714286 0.31887755102 0.0714285714286 0.110544217687
4 0.266964285714 0.43112244898 0.0696428571429 0.110544217687
4 0.274107142857 0.540816326531 0.0660714285714 0.112244897959
4 0.328571428571 0.318027210884 0.0714285714286 0.112244897959
4 0.389285714286 0.315476190476 0.0642857142857 0.113945578231
4 0.45 0.317176870748 0.0714285714286 0.117346938776
4 0.330357142857 0.430272108844 0.0642857142857 0.112244897959
4 0.39375 0.429421768707 0.0660714285714 0.110544217687
4 0.450892857143 0.430272108844 0.0625 0.108843537415
4 0.335714285714 0.540816326531 0.0607142857143 0.102040816327
4 0.391964285714 0.538265306122 0.0696428571429 0.107142857143
4 0.455357142857 0.539965986395 0.0714285714286 0.110544217687
