2 0.416666666667 0.329022988506 0.435483870968 0.508620689655
5 0.654838709677 0.549209770115 0.0494623655914 0.0754310344828
5 0.729032258065 0.548850574713 0.0537634408602 0.073275862069
4 0.615053763441 0.646551724138 0.0709677419355 0.0847701149425
4 0.684408602151 0.645474137931 0.0677419354839 0.0854885057471
4 0.615591397849 0.73742816092 0.0741935483871 0.0840517241379
4 0.391935483871 0.82650862069 0.0720430107527 0.0869252873563
4 0.458602150538 0.82507183908 0.0677419354839 0.0883620689655
4 0.525806451613 0.82507183908 0.0752688172043 0.0883620689655
4 0.251612903226 0.647270114943 0.0752688172043 0.0862068965517
4 0.31935483871 0.646551724138 0.0752688172043 0.0876436781609
4 0.320967741935 0.734913793103 0.0763440860215 0.0876436781609
