2 0.284120734908 0.420615128845 0.523622047244 0.618453865337
4 0.637795275591 0.309226932668 0.0944881889764 0.109725685786
4 0.725721784777 0.309226932668 0.0866141732283 0.109725685786
4 0.807086614173 0.310889443059 0.0761154855643 0.113050706567
4 0.89501312336 0.307564422278 0.0944881889764 0.113050706567
4 0.636482939633 0.413133832086 0.0866141732283 0.104738154613
4 0.721784776903 0.414796342477 0.0944881889764 0.101413133832
4 0.813648293963 0.413965087282 0.0839895013123 0.103075644223
4 0.898950131234 0.413133832086 0.0971128608924 0.0980881130507
4 0.635170603675 0.512884455528 0.0997375328084 0.108063175395
4 0.724409448819 0.515378221114 0.0997375328084 0.106400665004
4 0.812335958005 0.519534497091 0.0866141732283 0.104738154613
4 0.897637795276 0.515378221114 0.0839895013123 0.109725685786
