2 0.655257936508 0.453546099291 0.550595238095 0.504255319149
4 0.25496031746 0.628723404255 0.115079365079 0.104255319149
4 0.192956349206 0.706737588652 0.0982142857143 0.0886524822695
4 0.312003968254 0.647872340426 0.0922619047619 0.0957446808511
4 0.250496031746 0.721985815603 0.0902777777778 0.0936170212766
4 0.313988095238 0.745035460993 0.0982142857143 0.0929078014184
4 0.359623015873 0.766312056738 0.0863095238095 0.0886524822695
4 0.362103174603 0.672340425532 0.0972222222222 0.102127659574
4 0.421130952381 0.693617021277 0.0922619047619 0.0936170212766
4 0.467261904762 0.71914893617 0.0892857142857 0.102127659574
4 0.525793650794 0.739007092199 0.0992063492063 0.102127659574
