2 0.50395377129 0.57325029656 0.253649635036 0.432384341637
4 0.0644768856448 0.221826809015 0.0474452554745 0.0771055753262
4 0.0614355231144 0.291814946619 0.0413625304136 0.0747330960854
4 0.105231143552 0.22153024911 0.0413625304136 0.076512455516
4 0.103102189781 0.293890865955 0.0419708029197 0.0717674970344
4 0.143552311436 0.22034400949 0.0425790754258 0.0729537366548
4 0.145072992701 0.293890865955 0.0456204379562 0.0717674970344
4 0.19403892944 0.219454329775 0.043795620438 0.0711743772242
4 0.19403892944 0.293297746145 0.043795620438 0.0729537366548
4 0.236618004866 0.2209371293 0.0413625304136 0.0741399762752
4 0.236618004866 0.29300118624 0.0425790754258 0.0723606168446
4 0.277068126521 0.220047449585 0.0419708029197 0.073546856465
4 0.276763990268 0.29300118624 0.0413625304136 0.073546856465
4 0.318126520681 0.221826809015 0.0401459854015 0.073546856465
4 0.31903892944 0.29300118624 0.0419708029197 0.0759193357058
4 0.364659367397 0.2209371293 0.0419708029197 0.0741399762752
4 0.366788321168 0.29478054567 0.0401459854015 0.073546856465
4 0.408150851582 0.221233689205 0.0377128953771 0.0711743772242
4 0.446167883212 0.222419928826 0.0419708029197 0.0711743772242
4 0.408150851582 0.29418742586 0.0413625304136 0.0747330960854
4 0.44799270073 0.295077105575 0.0383211678832 0.0729537366548
