2 0.458978328173 0.420967741935 0.413312693498 0.558064516129
7 0.768575851393 0.534677419355 0.407120743034 0.456451612903
5 0.14899380805 0.260483870968 0.0642414860681 0.0870967741935
5 0.199690402477 0.287096774194 0.0634674922601 0.0903225806452
5 0.251547987616 0.313306451613 0.0696594427245 0.0975806451613
4 0.0808823529412 0.364919354839 0.0719814241486 0.0895161290323
4 0.11919504644 0.389112903226 0.0696594427245 0.0911290322581
4 0.16253869969 0.408467741935 0.0743034055728 0.0927419354839
4 0.202786377709 0.432258064516 0.0681114551084 0.0887096774194
4 0.166021671827 0.508064516129 0.0642414860681 0.0951612903226
4 0.123452012384 0.4875 0.0719814241486 0.0943548387097
4 0.0886222910217 0.468951612903 0.0719814241486 0.0991935483871
4 0.0448916408669 0.445161290323 0.0681114551084 0.0983870967742
