6 0.521674584323 0.698047858942 0.0932304038005 0.130352644836
6 0.485154394299 0.399874055416 0.0771971496437 0.10201511335
6 0.336104513064 0.18734256927 0.114014251781 0.111460957179
6 0.57986935867 0.168450881612 0.105106888361 0.107682619647
6 0.868467933492 0.262909319899 0.0872921615202 0.081234256927
6 0.622624703088 0.542191435768 0.101543942993 0.0831234256927
6 0.899643705463 0.399874055416 0.11757719715 0.109571788413
6 0.669833729216 0.794395465995 0.131828978622 0.134130982368
6 0.0688836104513 0.401763224181 0.114014251781 0.109571788413
6 0.0964964370546 0.508816120907 0.105106888361 0.112090680101
6 0.292458432304 0.844458438287 0.101543942993 0.128463476071
6 0.400237529691 0.72355163728 0.121140142518 0.113350125945
6 0.415380047506 0.842569269521 0.0944180522565 0.105793450882
