3 0.17144638404 0.236283643892 0.104738154613 0.0760869565217
3 0.2677680798 0.23317805383 0.110349127182 0.0698757763975
3 0.175187032419 0.317028985507 0.104738154613 0.0636645962733
3 0.275249376559 0.303053830228 0.106608478803 0.0636645962733
3 0.229426433915 0.402432712215 0.0822942643392 0.054347826087
3 0.298628428928 0.396221532091 0.0822942643392 0.0512422360248
3 0.427680798005 0.464544513458 0.074812967581 0.0574534161491
3 0.438902743142 0.51966873706 0.071072319202 0.0527950310559
3 0.325748129676 0.653209109731 0.114089775561 0.0621118012422
3 0.337905236908 0.722308488613 0.108478802993 0.0605590062112
3 0.44825436409 0.790631469979 0.0935162094763 0.0636645962733
3 0.457605985037 0.859730848861 0.0972568578554 0.0652173913043
3 0.557668329177 0.778985507246 0.0916458852868 0.0652173913043
3 0.56608478803 0.844979296066 0.0897755610973 0.0605590062112
3 0.433291770574 0.619824016563 0.0860349127182 0.0512422360248
3 0.52680798005 0.675724637681 0.0785536159601 0.0450310559006
3 0.510910224439 0.605072463768 0.0542394014963 0.0434782608696
