6 0.7055 0.842027559055 0.156 0.149606299213
6 0.9405 0.37155511811 0.09 0.11811023622
6 0.96475 0.67125984252 0.0655 0.0797244094488
6 0.81425 0.661663385827 0.0915 0.0989173228346
6 0.5 0.612696850394 0.084 0.0954724409449
6 0.407 0.749015748031 0.112 0.0984251968504
6 0.6145 0.508366141732 0.081 0.0816929133858
6 0.5855 0.397637795276 0.089 0.0767716535433
6 0.374 0.442913385827 0.078 0.0688976377953
6 0.5805 0.292322834646 0.121 0.0866141732283
6 0.351 0.238681102362 0.1 0.0816929133858
6 0.82 0.390994094488 0.112 0.0861220472441
6 0.3005 0.765255905512 0.087 0.0875984251969
6 0.151 0.47687007874 0.075 0.0728346456693
6 0.13075 0.380659448819 0.0895 0.0772637795276
