6 0.383620689655 0.0987991266376 0.0948275862069 0.07096069869
6 0.500718390805 0.0987991266376 0.0847701149425 0.0578602620087
6 0.586925287356 0.0993449781659 0.0761494252874 0.0589519650655
6 0.389367816092 0.255458515284 0.112068965517 0.0851528384279
6 0.505747126437 0.263100436681 0.103448275862 0.0655021834061
6 0.605603448276 0.267467248908 0.10775862069 0.0873362445415
6 0.383620689655 0.434497816594 0.112068965517 0.0807860262009
6 0.516522988506 0.456331877729 0.133620689655 0.117903930131
6 0.375718390805 0.623908296943 0.104885057471 0.0687772925764
6 0.477011494253 0.638100436681 0.0890804597701 0.0556768558952
6 0.377155172414 0.799126637555 0.14224137931 0.11135371179
