6 0.160037878788 0.136877828054 0.160984848485 0.165158371041
6 0.294507575758 0.442307692308 0.149621212121 0.196832579186
6 0.092803030303 0.794117647059 0.109848484848 0.108597285068
6 0.193181818182 0.788461538462 0.102272727273 0.106334841629
6 0.285984848485 0.792986425339 0.102272727273 0.12443438914
6 0.381628787879 0.787330316742 0.092803030303 0.113122171946
6 0.481060606061 0.802036199095 0.102272727273 0.119909502262
6 0.675189393939 0.806561085973 0.100378787879 0.106334841629
6 0.775568181818 0.804298642534 0.100378787879 0.110859728507
6 0.873106060606 0.807692307692 0.106060606061 0.113122171946
