7 0.41773962804 0.427400468384 0.376251788269 0.655737704918
7 0.816165951359 0.405152224824 0.233190271817 0.40281030445
7 0.711731044349 0.773419203747 0.228898426323 0.375878220141
4 0.0457796852647 0.360655737705 0.0515021459227 0.145199063232
4 0.100858369099 0.364168618267 0.0515021459227 0.138173302108
4 0.157010014306 0.364754098361 0.0507868383405 0.13700234192
5 0.0407725321888 0.186768149883 0.035765379113 0.125292740047
5 0.0815450643777 0.188524590164 0.0371959942775 0.126463700234
5 0.122675250358 0.189110070258 0.0364806866953 0.127634660422
5 0.164163090129 0.189695550351 0.0379113018598 0.126463700234
