7 0.544573643411 0.741258741259 0.461240310078 0.412587412587
5 0.221414728682 0.262237762238 0.0571705426357 0.103146853147
5 0.226744186047 0.402097902098 0.0639534883721 0.0979020979021
5 0.276647286822 0.256993006993 0.0610465116279 0.101398601399
5 0.336724806202 0.249125874126 0.0610465116279 0.0996503496503
5 0.393895348837 0.245192307692 0.0610465116279 0.0987762237762
5 0.283914728682 0.395541958042 0.0600775193798 0.100524475524
5 0.346414728682 0.388986013986 0.062984496124 0.0996503496503
5 0.403585271318 0.384178321678 0.062984496124 0.0987762237762
4 0.535368217054 0.0782342657343 0.121124031008 0.0743006993007
4 0.660852713178 0.0659965034965 0.116279069767 0.0690559440559
