3 0.371141975309 0.432584269663 0.125 0.213483146067
3 0.722222222222 0.293539325843 0.0833333333333 0.115168539326
3 0.712577160494 0.41643258427 0.0717592592593 0.122191011236
3 0.641975308642 0.392556179775 0.0509259259259 0.0941011235955
3 0.692901234568 0.637640449438 0.0740740740741 0.126404494382
3 0.615740740741 0.741573033708 0.0555555555556 0.101123595506
3 0.682484567901 0.761938202247 0.0532407407407 0.0969101123596
3 0.21450617284 0.447331460674 0.054012345679 0.0912921348315
3 0.898148148148 0.244382022472 0.0416666666667 0.0674157303371
3 0.666666666667 0.232443820225 0.037037037037 0.0688202247191
