7 0.693387681159 0.418082524272 0.36865942029 0.391990291262
5 0.0874094202899 0.609223300971 0.102355072464 0.135922330097
5 0.128623188406 0.655946601942 0.101449275362 0.141990291262
5 0.177083333333 0.700242718447 0.0914855072464 0.143203883495
5 0.238224637681 0.768810679612 0.0942028985507 0.14927184466
5 0.289402173913 0.818567961165 0.0896739130435 0.144417475728
5 0.336050724638 0.872572815534 0.0996376811594 0.138349514563
5 0.191576086957 0.430825242718 0.0896739130435 0.148058252427
5 0.234601449275 0.477548543689 0.0923913043478 0.13713592233
5 0.28125 0.531553398058 0.0896739130435 0.145631067961
5 0.341485507246 0.594053398058 0.0960144927536 0.14927184466
5 0.390398550725 0.643810679612 0.088768115942 0.144417475728
5 0.439311594203 0.703276699029 0.0905797101449 0.141990291262
