0 0.825471698113 0.778947368421 0.308176100629 0.39298245614
3 0.323899371069 0.0833333333333 0.135220125786 0.149122807018
3 0.208333333333 0.173684210526 0.12106918239 0.129824561404
3 0.185534591195 0.321052631579 0.11320754717 0.119298245614
3 0.356132075472 0.356140350877 0.168238993711 0.185964912281
3 0.150157232704 0.458771929825 0.0990566037736 0.10350877193
3 0.526729559748 0.576315789474 0.169811320755 0.194736842105
3 0.0833333333333 0.643859649123 0.0974842767296 0.0947368421053
3 0.176886792453 0.743859649123 0.13679245283 0.136842105263
3 0.246855345912 0.89298245614 0.11320754717 0.122807017544
3 0.368710691824 0.782456140351 0.180817610063 0.178947368421
