3 0.680970149254 0.155688622754 0.205223880597 0.0538922155689
3 0.666044776119 0.252994011976 0.264925373134 0.104790419162
3 0.613805970149 0.380988023952 0.272388059701 0.103293413174
3 0.533582089552 0.482035928144 0.164179104478 0.0508982035928
3 0.694029850746 0.491766467066 0.164179104478 0.0583832335329
3 0.643656716418 0.586077844311 0.205223880597 0.0763473053892
3 0.608208955224 0.674401197605 0.201492537313 0.0703592814371
3 0.57276119403 0.761976047904 0.220149253731 0.0688622754491
3 0.550373134328 0.853293413174 0.220149253731 0.0658682634731
3 0.419776119403 0.639221556886 0.160447761194 0.0568862275449
3 0.449626865672 0.570359281437 0.190298507463 0.0568862275449
3 0.39552238806 0.707335329341 0.171641791045 0.0523952095808
3 0.361940298507 0.771706586826 0.186567164179 0.0583832335329
3 0.335820895522 0.839820359281 0.179104477612 0.0508982035928
