6 0.1 0.880158730159 0.0980392156863 0.125396825397
6 0.267156862745 0.670634920635 0.0774509803922 0.0936507936508
6 0.289705882353 0.794444444444 0.0735294117647 0.0904761904762
6 0.313725490196 0.926984126984 0.0941176470588 0.120634920635
6 0.212254901961 0.234920634921 0.0813725490196 0.12380952381
6 0.493137254902 0.0809523809524 0.078431372549 0.133333333333
6 0.558333333333 0.254761904762 0.0950980392157 0.115873015873
6 0.483333333333 0.428571428571 0.0823529411765 0.130158730159
6 0.798529411765 0.616666666667 0.0813725490196 0.115873015873
6 0.913725490196 0.51746031746 0.0803921568627 0.139682539683
3 0.406862745098 0.643650793651 0.0549019607843 0.0746031746032
3 0.422549019608 0.72619047619 0.0549019607843 0.0650793650794
3 0.440196078431 0.806349206349 0.0509803921569 0.0603174603175
3 0.488235294118 0.601587301587 0.0627450980392 0.0761904761905
3 0.512254901961 0.701587301587 0.0637254901961 0.0793650793651
3 0.544607843137 0.553968253968 0.0637254901961 0.0793650793651
3 0.569607843137 0.651587301587 0.0647058823529 0.084126984127
3 0.63137254902 0.494444444444 0.056862745098 0.0650793650794
3 0.650490196078 0.57619047619 0.0578431372549 0.0634920634921
3 0.669117647059 0.653968253968 0.0558823529412 0.0730158730159
