6 0.110619469027 0.113951011715 0.0619469026549 0.100106496273
6 0.190634218289 0.116080937167 0.080383480826 0.108626198083
6 0.279867256637 0.104898828541 0.0774336283186 0.111821086262
6 0.363938053097 0.12673056443 0.0730088495575 0.10649627263
6 0.44505899705 0.144834930777 0.0700589970501 0.0958466453674
6 0.524705014749 0.127263045793 0.0789085545723 0.111821086262
6 0.617256637168 0.134717784878 0.0663716814159 0.0969116080937
6 0.713495575221 0.126198083067 0.0951327433628 0.130990415335
6 0.801991150442 0.135250266241 0.0774336283186 0.121405750799
6 0.883849557522 0.137912673056 0.0774336283186 0.109691160809
6 0.0766961651917 0.289137380192 0.0825958702065 0.105431309904
6 0.115412979351 0.569755058573 0.0744837758112 0.0894568690096
6 0.119100294985 0.697550585729 0.0862831858407 0.102236421725
6 0.114675516224 0.820553780618 0.0730088495575 0.0926517571885
3 0.595501474926 0.531416400426 0.0405604719764 0.0617678381257
3 0.621312684366 0.580404685836 0.0405604719764 0.0532481363152
3 0.560471976401 0.563365282215 0.0442477876106 0.0617678381257
3 0.580752212389 0.614483493078 0.0405604719764 0.0575079872204
3 0.503687315634 0.604366347178 0.0339233038348 0.0479233226837
3 0.52581120944 0.654952076677 0.0339233038348 0.04898828541
3 0.472713864307 0.632055378062 0.0339233038348 0.0457933972311
3 0.494837758112 0.684238551651 0.0309734513274 0.0479233226837
3 0.441740412979 0.660809371672 0.0309734513274 0.0436634717785
3 0.463126843658 0.711395101171 0.0324483775811 0.0468583599574
3 0.374631268437 0.535143769968 0.0294985250737 0.0372736954207
3 0.357669616519 0.497870074547 0.0221238938053 0.0372736954207
