6 0.0683127572016 0.497854077253 0.0543209876543 0.184549356223
6 0.151440329218 0.598712446352 0.0707818930041 0.167381974249
6 0.176543209877 0.717811158798 0.038683127572 0.148068669528
6 0.236625514403 0.711373390558 0.0469135802469 0.135193133047
6 0.30987654321 0.674892703863 0.0600823045267 0.178111587983
6 0.446090534979 0.476394849785 0.077366255144 0.218884120172
6 0.539917695473 0.462446351931 0.079012345679 0.199570815451
6 0.683950617284 0.639484978541 0.079012345679 0.236051502146
6 0.820164609053 0.524678111588 0.0633744855967 0.182403433476
6 0.901646090535 0.424892703863 0.0748971193416 0.231759656652
