6 0.125563063063 0.111413043478 0.127252252252 0.190217391304
6 0.134572072072 0.304347826087 0.0912162162162 0.126811594203
6 0.13231981982 0.498188405797 0.102477477477 0.163043478261
6 0.127815315315 0.68115942029 0.118243243243 0.184782608696
6 0.131756756757 0.88134057971 0.117117117117 0.179347826087
6 0.375563063063 0.219202898551 0.10472972973 0.170289855072
6 0.375 0.441123188406 0.119369369369 0.190217391304
6 0.378941441441 0.673913043478 0.120495495495 0.184782608696
6 0.380067567568 0.883152173913 0.118243243243 0.190217391304
6 0.592342342342 0.473731884058 0.117117117117 0.182971014493
6 0.692567567568 0.197463768116 0.119369369369 0.177536231884
6 0.693693693694 0.684782608696 0.117117117117 0.166666666667
6 0.693693693694 0.876811594203 0.11036036036 0.170289855072
