6 0.0785512699906 0.502542372881 0.0743179680151 0.127118644068
6 0.311853245532 0.604237288136 0.0743179680151 0.147457627119
6 0.377704609595 0.481355932203 0.0780809031044 0.132203389831
6 0.446848541863 0.352542372881 0.071495766698 0.125423728814
6 0.513640639699 0.227118644068 0.0733772342427 0.128813559322
6 0.582784571966 0.118644067797 0.0761994355597 0.132203389831
6 0.729539040452 0.173728813559 0.0667920978363 0.127118644068
6 0.656632173095 0.534745762712 0.071495766698 0.137288135593
6 0.906867356538 0.351694915254 0.0809031044214 0.164406779661
6 0.840545625588 0.652542372881 0.0950141110066 0.179661016949
