6 0.0505952380952 0.341176470588 0.0484693877551 0.145098039216
6 0.165816326531 0.336274509804 0.0459183673469 0.127450980392
6 0.228316326531 0.336274509804 0.0688775510204 0.158823529412
6 0.301870748299 0.33431372549 0.0510204081633 0.119607843137
6 0.468537414966 0.296078431373 0.0578231292517 0.137254901961
6 0.676020408163 0.291176470588 0.0595238095238 0.135294117647
6 0.893707482993 0.253921568627 0.047619047619 0.123529411765
6 0.890306122449 0.0745098039216 0.0663265306122 0.101960784314
6 0.0573979591837 0.666666666667 0.0535714285714 0.149019607843
6 0.245323129252 0.633333333333 0.0586734693878 0.145098039216
6 0.317176870748 0.626470588235 0.047619047619 0.139215686275
6 0.489795918367 0.6 0.0578231292517 0.149019607843
6 0.567602040816 0.587254901961 0.0586734693878 0.147058823529
6 0.650085034014 0.719607843137 0.0552721088435 0.129411764706
6 0.783588435374 0.779411764706 0.0671768707483 0.111764705882
6 0.86862244898 0.562745098039 0.0569727891156 0.145098039216
6 0.937925170068 0.551960784314 0.0578231292517 0.158823529412
