6 0.119417475728 0.336885245902 0.0601941747573 0.0901639344262
6 0.209223300971 0.340163934426 0.047572815534 0.0901639344262
6 0.282038834951 0.34262295082 0.0572815533981 0.0885245901639
6 0.416504854369 0.340983606557 0.0485436893204 0.0786885245902
6 0.57572815534 0.344262295082 0.0582524271845 0.0852459016393
6 0.645631067961 0.348360655738 0.0621359223301 0.0868852459016
6 0.779126213592 0.340163934426 0.0553398058252 0.0803278688525
6 0.0883495145631 0.618852459016 0.0582524271845 0.0934426229508
6 0.243689320388 0.617213114754 0.0621359223301 0.0967213114754
6 0.578155339806 0.675409836066 0.0631067961165 0.111475409836
6 0.660194174757 0.643442622951 0.0446601941748 0.1
6 0.741747572816 0.631147540984 0.0466019417476 0.104918032787
6 0.922815533981 0.618032786885 0.0592233009709 0.104918032787
