6 0.05375 0.363529411765 0.0508333333333 0.162352941176
6 0.11125 0.356470588235 0.0491666666667 0.152941176471
6 0.1675 0.336470588235 0.0483333333333 0.150588235294
6 0.22625 0.338823529412 0.0475 0.145882352941
6 0.281666666667 0.327058823529 0.0516666666667 0.145882352941
6 0.34 0.309411764706 0.0516666666667 0.143529411765
6 0.397083333333 0.294117647059 0.0441666666667 0.145882352941
6 0.445833333333 0.271764705882 0.045 0.129411764706
6 0.557916666667 0.282352941176 0.0425 0.150588235294
6 0.606666666667 0.262352941176 0.0433333333333 0.148235294118
6 0.6575 0.254117647059 0.0433333333333 0.145882352941
6 0.711666666667 0.262352941176 0.0466666666667 0.148235294118
6 0.76 0.248235294118 0.045 0.148235294118
6 0.808333333333 0.235294117647 0.0466666666667 0.145882352941
6 0.86 0.225882352941 0.045 0.145882352941
6 0.915 0.225882352941 0.0416666666667 0.141176470588
6 0.0933333333333 0.725882352941 0.0466666666667 0.162352941176
6 0.267916666667 0.705882352941 0.0575 0.169411764706
6 0.329583333333 0.705882352941 0.0391666666667 0.150588235294
6 0.53125 0.656470588235 0.0508333333333 0.127058823529
6 0.65 0.608235294118 0.0566666666667 0.167058823529
6 0.770833333333 0.624705882353 0.0433333333333 0.143529411765
6 0.827083333333 0.6 0.0558333333333 0.164705882353
6 0.885416666667 0.603529411765 0.0475 0.148235294118
6 0.942916666667 0.574117647059 0.0425 0.155294117647
6 0.697083333333 0.852941176471 0.0691666666667 0.134117647059
