6 0.0677419354839 0.271404109589 0.0635944700461 0.131849315068
6 0.157603686636 0.259417808219 0.0663594470046 0.128424657534
6 0.232258064516 0.249143835616 0.0626728110599 0.111301369863
6 0.30599078341 0.255136986301 0.0626728110599 0.133561643836
6 0.382949308756 0.256849315068 0.0617511520737 0.126712328767
6 0.583410138249 0.236301369863 0.0663594470046 0.126712328767
6 0.745622119816 0.225171232877 0.0645161290323 0.118150684932
6 0.89400921659 0.205479452055 0.0589861751152 0.126712328767
6 0.927188940092 0.107020547945 0.0755760368664 0.107876712329
6 0.106912442396 0.883561643836 0.0626728110599 0.0958904109589
6 0.183870967742 0.852739726027 0.0635944700461 0.126712328767
6 0.262211981567 0.855308219178 0.0746543778802 0.169520547945
6 0.359907834101 0.861301369863 0.0764976958525 0.16095890411
6 0.463133640553 0.847602739726 0.0746543778802 0.167808219178
6 0.588479262673 0.829623287671 0.0801843317972 0.155821917808
6 0.679723502304 0.834760273973 0.0783410138249 0.162671232877
6 0.779723502304 0.826198630137 0.0755760368664 0.162671232877
6 0.88202764977 0.814212328767 0.0921658986175 0.193493150685
6 0.959447004608 0.786815068493 0.0497695852535 0.0941780821918
6 0.471889400922 0.431506849315 0.0626728110599 0.130136986301
6 0.469585253456 0.640410958904 0.0635944700461 0.0821917808219
