6 0.0796460176991 0.362745098039 0.0452310717797 0.117647058824
6 0.215830875123 0.354901960784 0.0560471976401 0.121568627451
6 0.283677482793 0.302941176471 0.0599803343166 0.139215686275
6 0.489675516224 0.292156862745 0.0452310717797 0.113725490196
6 0.552114060964 0.253921568627 0.0757128810226 0.147058823529
6 0.620943952802 0.261764705882 0.0462143559489 0.111764705882
6 0.693706981318 0.226470588235 0.0855457227139 0.170588235294
6 0.805801376598 0.194117647059 0.0934119960669 0.176470588235
6 0.915437561455 0.225490196078 0.07866273353 0.149019607843
6 0.897246804326 0.640196078431 0.0737463126844 0.107843137255
