6 0.140540540541 0.349085365854 0.102702702703 0.131097560976
6 0.318918918919 0.34375 0.0864864864865 0.105182926829
6 0.444594594595 0.34375 0.0864864864865 0.108231707317
6 0.54527027027 0.344512195122 0.0797297297297 0.0884146341463
6 0.643918918919 0.342987804878 0.077027027027 0.0792682926829
6 0.883108108108 0.342987804878 0.0878378378378 0.094512195122
6 0.0885135135135 0.699695121951 0.104054054054 0.128048780488
6 0.259459459459 0.71875 0.135135135135 0.16006097561
6 0.407432432432 0.708841463415 0.106756756757 0.137195121951
6 0.54527027027 0.716463414634 0.106756756757 0.146341463415
6 0.82972972973 0.715701219512 0.072972972973 0.0960365853659
