6 0.0509939498704 0.513913043478 0.0656871218669 0.130434782609
6 0.124891961971 0.438260869565 0.0613656006914 0.125217391304
6 0.211754537597 0.528695652174 0.0622299049265 0.146086956522
6 0.287381158168 0.440869565217 0.0613656006914 0.12
6 0.407519446845 0.526086956522 0.0613656006914 0.154782608696
6 0.471045808124 0.454782608696 0.0639585133967 0.113043478261
6 0.563526361279 0.553043478261 0.0674157303371 0.135652173913
6 0.621866897148 0.462608695652 0.0648228176318 0.118260869565
6 0.721694036301 0.551304347826 0.0674157303371 0.121739130435
6 0.775713050994 0.466956521739 0.0630942091616 0.11652173913
6 0.877700950735 0.564347826087 0.0700086430424 0.137391304348
6 0.926966292135 0.481739130435 0.0596369922213 0.118260869565
