6 0.330675422139 0.0944363103953 0.0984990619137 0.139092240117
6 0.231238273921 0.183748169839 0.0853658536585 0.133235724744
6 0.15009380863 0.322108345534 0.0844277673546 0.137628111274
6 0.170731707317 0.591508052709 0.06191369606 0.111273792094
6 0.264071294559 0.562957540264 0.0872420262664 0.13616398243
6 0.366322701689 0.510248901903 0.0928705440901 0.142020497804
6 0.468574108818 0.468521229868 0.0872420262664 0.14934114202
6 0.572701688555 0.445095168375 0.0872420262664 0.14934114202
6 0.690900562852 0.430453879941 0.0966228893058 0.14934114202
6 0.181988742964 0.870424597365 0.0731707317073 0.130307467057
6 0.353658536585 0.823572474378 0.06191369606 0.11859443631
6 0.461538461538 0.857979502196 0.0881801125704 0.158125915081
6 0.579737335835 0.853587115666 0.103189493433 0.172767203514
6 0.699812382739 0.807467057101 0.0919324577861 0.180087847731
6 0.80722326454 0.769399707174 0.0834896810507 0.139092240117
6 0.914634146341 0.740849194729 0.078799249531 0.146412884334
