6 0.108758421559 0.175654853621 0.0750721847931 0.163328197227
6 0.108758421559 0.447611710324 0.0827718960539 0.130970724191
6 0.123195380173 0.753466872111 0.103946102021 0.147919876733
6 0.285370548604 0.152542372881 0.0779595765159 0.141756548536
6 0.36333012512 0.336671802773 0.0875842155919 0.13405238829
6 0.360923965351 0.473035439137 0.103946102021 0.135593220339
6 0.365255052936 0.611710323575 0.0818094321463 0.13251155624
6 0.378729547642 0.88906009245 0.0837343599615 0.13251155624
6 0.642444658325 0.203389830508 0.0798845043311 0.114021571649
6 0.640038498556 0.328967642527 0.0789220404235 0.137134052388
6 0.663137632339 0.58782742681 0.103946102021 0.15562403698
6 0.782001924928 0.115562403698 0.0741097208855 0.144838212635
6 0.867661212705 0.423728813559 0.104908565929 0.141756548536
6 0.877767083734 0.68875192604 0.103946102021 0.13251155624
