6 0.119091751622 0.130602782071 0.0898980537535 0.131375579598
6 0.104263206673 0.409582689335 0.0861909175162 0.126738794436
6 0.101019462465 0.545595054096 0.0871177015755 0.126738794436
6 0.259036144578 0.108964451314 0.0639481000927 0.12828438949
6 0.265060240964 0.254250386399 0.0778498609824 0.134466769706
6 0.267377201112 0.400309119011 0.0898980537535 0.129829984544
6 0.2562557924 0.54714064915 0.0639481000927 0.129829984544
6 0.27062094532 0.697063369397 0.0871177015755 0.126738794436
6 0.267377201112 0.843894899536 0.0880444856348 0.126738794436
6 0.483781278962 0.693972179289 0.0778498609824 0.132921174652
6 0.481927710843 0.85085007728 0.0778498609824 0.122102009274
6 0.692307692308 0.0857805255023 0.0611677479147 0.131375579598
6 0.697868396664 0.233384853168 0.0741427247451 0.129829984544
6 0.696014828545 0.531684698609 0.0759962928638 0.129829984544
6 0.696941612604 0.702472952087 0.0759962928638 0.131375579598
6 0.909175162187 0.236476043277 0.0778498609824 0.126738794436
6 0.909638554217 0.381761978362 0.0806302131603 0.126738794436
6 0.906858202039 0.529366306028 0.082483781279 0.131375579598
6 0.903614457831 0.844667697063 0.079703429101 0.140649149923
