6 0.152789699571 0.257799671593 0.068669527897 0.134646962233
6 0.0922746781116 0.423645320197 0.0729613733906 0.108374384236
6 0.0742489270386 0.612479474548 0.0918454935622 0.121510673235
6 0.193991416309 0.841543513957 0.0652360515021 0.11986863711
6 0.468669527897 0.229885057471 0.0721030042918 0.144499178982
6 0.571244635193 0.196223316913 0.0729613733906 0.139573070608
6 0.669957081545 0.139573070608 0.0798283261803 0.151067323481
6 0.868669527897 0.169129720854 0.080686695279 0.121510673235
6 0.905150214592 0.340722495895 0.0695278969957 0.12315270936
6 0.921030042918 0.531198686371 0.0927038626609 0.139573070608
