6 0.1 0.461764705882 0.0570135746606 0.0823529411765
6 0.16742081448 0.469117647059 0.0470588235294 0.102941176471
6 0.235746606335 0.446323529412 0.0552036199095 0.0985294117647
6 0.305429864253 0.452205882353 0.0533936651584 0.107352941176
6 0.447058823529 0.430882352941 0.0542986425339 0.0911764705882
6 0.490950226244 0.341176470588 0.0642533936652 0.0911764705882
6 0.593665158371 0.158088235294 0.0597285067873 0.0779411764706
6 0.624886877828 0.0669117647059 0.0696832579186 0.0985294117647
6 0.0746606334842 0.811764705882 0.047963800905 0.0794117647059
6 0.209954751131 0.853676470588 0.0579185520362 0.0955882352941
6 0.350678733032 0.894117647059 0.0497737556561 0.0588235294118
6 0.662443438914 0.477205882353 0.0651583710407 0.0838235294118
6 0.71221719457 0.389705882353 0.0561085972851 0.1
6 0.952488687783 0.638970588235 0.0588235294118 0.107352941176
