6 0.0850760456274 0.160406885759 0.0750950570342 0.104851330203
6 0.106463878327 0.461658841941 0.0893536121673 0.143974960876
6 0.197243346008 0.47965571205 0.0465779467681 0.0892018779343
6 0.289923954373 0.478873239437 0.0855513307985 0.150234741784
6 0.378326996198 0.432707355243 0.0627376425856 0.0798122065728
6 0.428707224335 0.294992175274 0.0836501901141 0.123630672926
6 0.53897338403 0.190923317684 0.0836501901141 0.162754303599
6 0.628326996198 0.203442879499 0.0513307984791 0.112676056338
6 0.69819391635 0.211267605634 0.0503802281369 0.093896713615
6 0.788498098859 0.223004694836 0.069391634981 0.154929577465
6 0.866920152091 0.214397496088 0.0494296577947 0.10641627543
6 0.937737642586 0.225352112676 0.0503802281369 0.118935837246
6 0.0950570342205 0.845852895149 0.0760456273764 0.139280125196
6 0.180608365019 0.823161189358 0.0760456273764 0.14710485133
6 0.278517110266 0.83255086072 0.074144486692 0.134585289515
6 0.370247148289 0.912363067293 0.0522813688213 0.0625978090767
6 0.686311787072 0.543818466354 0.0513307984791 0.0923317683881
6 0.747623574144 0.550860719875 0.0465779467681 0.093896713615
6 0.809885931559 0.553208137715 0.041825095057 0.0923317683881
6 0.868821292776 0.556338028169 0.0456273764259 0.0829420970266
6 0.679657794677 0.859154929577 0.0437262357414 0.0719874804382
6 0.800380228137 0.867762128326 0.0494296577947 0.0672926447574
