6 0.0545545545546 0.347687400319 0.0590590590591 0.0797448165869
6 0.117117117117 0.227272727273 0.0720720720721 0.097288676236
6 0.161161161161 0.117224880383 0.0800800800801 0.106858054226
6 0.24024024024 0.114832535885 0.048048048048 0.0893141945774
6 0.327827827828 0.105263157895 0.0710710710711 0.111642743222
6 0.408908908909 0.0948963317384 0.0610610610611 0.097288676236
6 0.0765765765766 0.522328548644 0.0770770770771 0.129186602871
6 0.152152152152 0.587719298246 0.0700700700701 0.135566188198
6 0.248248248248 0.393939393939 0.0840840840841 0.0988835725678
6 0.35035035035 0.332535885167 0.0600600600601 0.11004784689
6 0.437937937938 0.31658692185 0.0610610610611 0.103668261563
6 0.51951951952 0.323763955343 0.0800800800801 0.13716108453
6 0.60960960961 0.325358851675 0.0600600600601 0.102073365231
6 0.694694694695 0.311802232855 0.0780780780781 0.129186602871
6 0.886886886887 0.350079744817 0.048048048048 0.0940988835726
6 0.394894894895 0.649122807018 0.0750750750751 0.140350877193
6 0.492992992993 0.645135566188 0.0770770770771 0.138755980861
6 0.583083083083 0.644338118022 0.0870870870871 0.14673046252
6 0.419419419419 0.897926634769 0.0880880880881 0.15629984051
6 0.52002002002 0.884370015949 0.0770770770771 0.132376395534
6 0.619119119119 0.891547049442 0.0790790790791 0.153110047847
6 0.68018018018 0.647527910686 0.0830830830831 0.124401913876
6 0.715215215215 0.893939393939 0.0810810810811 0.145135566188
6 0.811311311311 0.885964912281 0.0850850850851 0.157894736842
6 0.913913913914 0.627591706539 0.0560560560561 0.097288676236
