6 0.100082712986 0.155950752394 0.0628618693135 0.0820793433653
6 0.0785773366419 0.303009575923 0.0942928039702 0.121751025992
6 0.0827129859388 0.458276333789 0.0976013234078 0.123119015048
6 0.0806451612903 0.611491108071 0.0521091811414 0.0902872777018
6 0.0516956162117 0.703830369357 0.0653432588916 0.077975376197
6 0.0492142266336 0.816005471956 0.070306038048 0.0807113543092
6 0.315550041356 0.0834473324213 0.0620347394541 0.0793433652531
6 0.302729528536 0.194938440492 0.0694789081886 0.0807113543092
6 0.313482216708 0.30779753762 0.0727874276261 0.0820793433653
6 0.291976840364 0.511627906977 0.0645161290323 0.0875512995896
6 0.278329197684 0.6292749658 0.0769230769231 0.0848153214774
6 0.314722911497 0.738714090287 0.0736145574855 0.0820793433653
6 0.21629445823 0.828317373461 0.0471464019851 0.113543091655
6 0.320099255583 0.84952120383 0.0645161290323 0.114911080711
6 0.646401985112 0.160054719562 0.0620347394541 0.0738714090287
6 0.638544251447 0.266757865937 0.0578990901572 0.0738714090287
6 0.629859387924 0.370041039672 0.0636889991729 0.0697674418605
6 0.591811414392 0.47537619699 0.0570719602978 0.0971272229822
6 0.613730355666 0.586183310534 0.0711331679074 0.0834473324213
6 0.605045492142 0.777017783858 0.0636889991729 0.0848153214774
6 0.605872622002 0.900136798906 0.0620347394541 0.093023255814
6 0.674937965261 0.902872777018 0.0595533498759 0.0738714090287
6 0.853184449959 0.0608755129959 0.070306038048 0.0889192886457
6 0.825889164599 0.174418604651 0.0736145574855 0.077975376197
6 0.862696443342 0.264705882353 0.0694789081886 0.077975376197
6 0.865591397849 0.387140902873 0.0636889991729 0.10123119015
6 0.830438378825 0.529411764706 0.0893300248139 0.0820793433653
6 0.872208436725 0.636798905609 0.0769230769231 0.077975376197
6 0.875516956162 0.750341997264 0.0587262200165 0.0807113543092
6 0.873862696443 0.90218878249 0.0521091811414 0.108071135431
6 0.954507857734 0.36730506156 0.0545905707196 0.11901504788
