6 0.162915326902 0.0982658959538 0.102893890675 0.112716763006
6 0.159163987138 0.232658959538 0.106109324759 0.112716763006
6 0.155948553055 0.368497109827 0.0996784565916 0.112716763006
6 0.163451232583 0.5 0.0846730975348 0.0809248554913
6 0.162379421222 0.638728323699 0.0932475884244 0.0982658959538
6 0.160235798499 0.767341040462 0.101822079314 0.121387283237
6 0.158628081458 0.903179190751 0.105037513398 0.118497109827
6 0.375669882101 0.0729768786127 0.0975348338692 0.128612716763
6 0.369774919614 0.249277456647 0.0900321543408 0.10838150289
6 0.367631296892 0.439306358382 0.0921757770632 0.106936416185
6 0.368703108253 0.595375722543 0.102893890675 0.124277456647
6 0.369239013934 0.75289017341 0.101822079314 0.121387283237
6 0.37459807074 0.903901734104 0.0932475884244 0.117052023121
6 0.628617363344 0.0715317919075 0.0996784565916 0.10838150289
6 0.627545551983 0.235549132948 0.0932475884244 0.109826589595
6 0.627009646302 0.424855491329 0.096463022508 0.121387283237
6 0.551446945338 0.619219653179 0.0996784565916 0.128612716763
6 0.626473740622 0.765895953757 0.101822079314 0.112716763006
6 0.629153269025 0.895231213873 0.102893890675 0.10838150289
6 0.838692390139 0.231936416185 0.0782422293676 0.0823699421965
