6 0.193156732892 0.442143727162 0.075055187638 0.0730816077954
6 0.289735099338 0.462241169306 0.0761589403974 0.0718635809988
6 0.12527593819 0.602314250914 0.0805739514349 0.0816077953715
6 0.226269315673 0.622411693057 0.0816777041943 0.0828258221681
6 0.060706401766 0.7143727162 0.0772626931567 0.0718635809988
6 0.418874172185 0.663215590743 0.0805739514349 0.0816077953715
6 0.42770419426 0.811814859927 0.0584988962472 0.108404384896
6 0.509381898455 0.827040194884 0.0584988962472 0.104750304507
6 0.60761589404 0.834957369062 0.0496688741722 0.0791717417783
6 0.683774834437 0.556029232643 0.0496688741722 0.0694275274056
6 0.752207505519 0.565164433618 0.0430463576159 0.0657734470158
6 0.951434878587 0.727161997564 0.083885209713 0.0779537149817
