6 0.0878048780488 0.165224913495 0.070243902439 0.112456747405
6 0.0873170731707 0.450692041522 0.0692682926829 0.112456747405
6 0.0843902439024 0.745674740484 0.0692682926829 0.110726643599
6 0.090243902439 0.897923875433 0.0829268292683 0.114186851211
6 0.318048780488 0.310553633218 0.08 0.0847750865052
6 0.31512195122 0.634083044983 0.0624390243902 0.0709342560554
6 0.311219512195 0.756920415225 0.0780487804878 0.0847750865052
6 0.331707317073 0.910899653979 0.0585365853659 0.0778546712803
6 0.405365853659 0.475778546713 0.0556097560976 0.141868512111
6 0.492682926829 0.221453287197 0.0526829268293 0.134948096886
6 0.581951219512 0.549307958478 0.0848780487805 0.0813148788927
6 0.591219512195 0.663494809689 0.0643902439024 0.0778546712803
6 0.60487804878 0.77508650519 0.060487804878 0.076124567474
6 0.829756097561 0.357266435986 0.0653658536585 0.115916955017
6 0.824390243902 0.567474048443 0.0546341463415 0.0692041522491
6 0.81756097561 0.680795847751 0.060487804878 0.0674740484429
6 0.84243902439 0.912629757785 0.0517073170732 0.0847750865052
6 0.920975609756 0.90830449827 0.0468292682927 0.100346020761
