6 0.0725971370143 0.144385026738 0.0633946830266 0.0695187165775
6 0.112985685072 0.219251336898 0.0746421267894 0.0802139037433
6 0.199897750511 0.371657754011 0.0521472392638 0.0668449197861
6 0.248977505112 0.451871657754 0.0664621676892 0.0802139037433
6 0.407975460123 0.326871657754 0.0347648261759 0.0467914438503
6 0.459100204499 0.409759358289 0.038854805726 0.0441176470588
6 0.438650306748 0.755347593583 0.040899795501 0.0668449197861
6 0.517382413088 0.70922459893 0.040899795501 0.0548128342246
6 0.592024539877 0.604278074866 0.0490797546012 0.0828877005348
6 0.674335378323 0.890374331551 0.0562372188139 0.0882352941176
6 0.734151329243 0.824197860963 0.0552147239264 0.0868983957219
