2 0.266698024459 0.48745819398 0.275634995296 0.439799331104
5 0.564910630292 0.678929765886 0.0460959548448 0.0735785953177
5 0.591251175917 0.711538461538 0.0442144873001 0.0819397993311
5 0.616180620884 0.742474916388 0.0413922859831 0.100334448161
5 0.645813734713 0.779264214047 0.0460959548448 0.100334448161
5 0.67450611477 0.811872909699 0.0432737535278 0.0986622073579
5 0.698494825964 0.840301003344 0.0404515522107 0.0953177257525
5 0.612417685795 0.578595317726 0.0395108184384 0.0836120401338
5 0.636876763876 0.603678929766 0.0338664158043 0.0869565217391
5 0.662746942615 0.635451505017 0.0423330197554 0.0969899665552
5 0.689087488241 0.664715719064 0.0442144873001 0.0986622073579
5 0.718250235183 0.69983277592 0.0423330197554 0.0919732441472
5 0.743650047037 0.729096989967 0.038570084666 0.0903010033445
7 0.84524929445 0.563545150502 0.168391345249 0.183946488294
