2 0.521802325581 0.600710900474 0.549418604651 0.514218009479
5 0.84011627907 0.507109004739 0.0639534883721 0.132701421801
5 0.886627906977 0.502369668246 0.0668604651163 0.132701421801
5 0.739098837209 0.370853080569 0.0595930232558 0.130331753555
5 0.779796511628 0.366113744076 0.0566860465116 0.130331753555
5 0.821220930233 0.361374407583 0.0552325581395 0.120853080569
5 0.859011627907 0.355450236967 0.0581395348837 0.118483412322
5 0.766715116279 0.234597156398 0.0595930232558 0.118483412322
5 0.80886627907 0.227488151659 0.0595930232558 0.113744075829
7 0.576308139535 0.126777251185 0.123546511628 0.144549763033
