2 0.221626452189 0.480897009967 0.373547810545 0.410299003322
5 0.474084003575 0.49584717608 0.0688114387846 0.078073089701
5 0.464700625559 0.547342192691 0.0625558534406 0.0714285714286
5 0.456210902592 0.598006644518 0.0634495084897 0.0730897009967
5 0.445933869526 0.650332225914 0.0661304736372 0.0747508305648
5 0.434763181412 0.701827242525 0.0670241286863 0.0747508305648
7 0.588471849866 0.078073089701 0.088471849866 0.136212624585
7 0.577301161752 0.844684385382 0.0857908847185 0.134551495017
7 0.85835567471 0.12707641196 0.0723860589812 0.0980066445183
7 0.906613047364 0.8073089701 0.109919571046 0.176079734219
