8 0.409680638723 0.110561056106 0.174650698603 0.151815181518
8 0.415668662675 0.181518151815 0.170658682635 0.125412541254
8 0.589820359281 0.108085808581 0.131736526946 0.127062706271
8 0.449600798403 0.293729372937 0.188622754491 0.158415841584
8 0.861776447106 0.0965346534653 0.156686626747 0.110561056106
8 0.857285429142 0.238448844884 0.175648702595 0.123762376238
8 0.838822355289 0.387788778878 0.174650698603 0.128712871287
8 0.824351297405 0.535478547855 0.117764471058 0.117161716172
0 0.601796407186 0.371287128713 0.0459081836327 0.148514851485
5 0.109780439122 0.693894389439 0.0459081836327 0.0874587458746
5 0.145209580838 0.676567656766 0.0449101796407 0.0792079207921
5 0.121756487026 0.811881188119 0.0499001996008 0.0957095709571
5 0.155688622754 0.790429042904 0.0459081836327 0.0990099009901
5 0.196107784431 0.770627062706 0.0449101796407 0.0957095709571
5 0.229041916168 0.754125412541 0.0449101796407 0.0924092409241
