0 0.361155063291 0.359169199595 0.0276898734177 0.126646403242
0 0.485759493671 0.453394123607 0.0363924050633 0.0780141843972
0 0.634889240506 0.736575481256 0.0482594936709 0.0932117527862
0 0.738132911392 0.119047619048 0.0617088607595 0.0881458966565
0 0.791534810127 0.414387031408 0.0704113924051 0.0992907801418
3 0.106408227848 0.0521783181358 0.0545886075949 0.0719351570415
3 0.160205696203 0.0633232016211 0.0514240506329 0.0699088145897
3 0.215981012658 0.0744680851064 0.0522151898734 0.0678824721378
3 0.270174050633 0.0851063829787 0.0498417721519 0.0709219858156
3 0.0411392405063 0.103850050659 0.0443037974684 0.0577507598784
3 0.0399525316456 0.168186423506 0.0435126582278 0.0607902735562
3 0.0450949367089 0.233535967579 0.0379746835443 0.0516717325228
3 0.0435126582278 0.288753799392 0.0379746835443 0.0466058763931
3 0.112341772152 0.200101317123 0.0379746835443 0.0536980749747
3 0.149920886076 0.207193515704 0.0371835443038 0.0516717325228
3 0.10957278481 0.250253292806 0.0371835443038 0.048632218845
3 0.147943037975 0.257345491388 0.0379746835443 0.048632218845
3 0.107594936709 0.299898682877 0.0363924050633 0.0506585612969
3 0.146360759494 0.306484295846 0.0379746835443 0.0496453900709
3 0.200949367089 0.215805471125 0.0379746835443 0.048632218845
3 0.238924050633 0.222897669706 0.0363924050633 0.048632218845
3 0.276898734177 0.229989868288 0.0395569620253 0.0466058763931
3 0.197784810127 0.265450861196 0.0379746835443 0.0547112462006
3 0.235363924051 0.273556231003 0.0387658227848 0.0526849037487
3 0.274129746835 0.279635258359 0.0387658227848 0.0526849037487
3 0.193829113924 0.316616008105 0.0379746835443 0.0516717325228
3 0.232990506329 0.322188449848 0.0371835443038 0.0526849037487
3 0.270174050633 0.329787234043 0.0371835443038 0.0536980749747
3 0.194620253165 0.449341438703 0.0443037974684 0.0597771023303
3 0.247231012658 0.456940222898 0.0419303797468 0.0567375886525
3 0.105221518987 0.127152988855 0.0506329113924 0.0678824721378
3 0.157436708861 0.136778115502 0.0506329113924 0.0709219858156
3 0.212420886076 0.144883485309 0.0514240506329 0.0668693009119
3 0.26542721519 0.156028368794 0.0498417721519 0.0688956433637
3 0.0431170886076 0.0298885511651 0.0482594936709 0.0415400202634
