0 0.130642361111 0.0983606557377 0.0772569444444 0.0327868852459
0 0.388888888889 0.096870342772 0.0798611111111 0.0357675111773
0 0.479600694444 0.0998509687034 0.0772569444444 0.0357675111773
0 0.0516493055556 0.189269746647 0.0407986111111 0.113263785395
0 0.102864583333 0.656482861401 0.0789930555556 0.0342771982116
0 0.273871527778 0.698211624441 0.0651041666667 0.0312965722802
0 0.497829861111 0.903874813711 0.0234375 0.135618479881
0 0.735677083333 0.666169895678 0.0737847222222 0.0357675111773
0 0.87109375 0.706408345753 0.0564236111111 0.0953800298063
3 0.480034722222 0.230998509687 0.0451388888889 0.0774962742176
3 0.479600694444 0.314456035768 0.0460069444444 0.0745156482861
3 0.477430555556 0.391952309985 0.0451388888889 0.0745156482861
3 0.601996527778 0.316691505216 0.0425347222222 0.0730253353204
3 0.6015625 0.393442622951 0.0416666666667 0.0745156482861
3 0.658854166667 0.383010432191 0.046875 0.0774962742176
3 0.710069444444 0.383755588674 0.0451388888889 0.0760059612519
