0 0.511698880977 0.276131045242 0.0447609359105 0.0780031201248
0 0.599694811801 0.409516380655 0.0457782299084 0.0764430577223
0 0.571719226857 0.546021840874 0.059003051882 0.0967238689548
0 0.545778229908 0.583463338534 0.0661241098678 0.109204368175
0 0.468972533062 0.681747269891 0.0528992878942 0.0904836193448
3 0.548321464903 0.134945397816 0.0508646998983 0.0826833073323
3 0.648524923703 0.11232449298 0.0559511698881 0.0842433697348
3 0.630722278739 0.234789391576 0.0528992878942 0.0795631825273
3 0.732451678535 0.160686427457 0.0528992878942 0.0811232449298
3 0.711597151577 0.309672386895 0.0539165818922 0.0826833073323
3 0.825534079349 0.216848673947 0.0539165818922 0.0842433697348
3 0.809257375381 0.33775351014 0.0539165818922 0.0826833073323
3 0.790437436419 0.482839313573 0.0528992878942 0.0795631825273
3 0.914038657172 0.305772230889 0.0559511698881 0.0811232449298
3 0.892166836216 0.449297971919 0.0508646998983 0.0842433697348
3 0.792980671414 0.485959438378 0.0539165818922 0.0858034321373
3 0.863173957274 0.673166926677 0.0498474059003 0.0795631825273
3 0.93997965412 0.697347893916 0.0488301119023 0.0780031201248
3 0.850457782299 0.747269890796 0.0488301119023 0.0780031201248
3 0.927772126144 0.768330733229 0.0488301119023 0.0764430577223
3 0.837741607325 0.830733229329 0.0518819938962 0.0795631825273
3 0.913021363174 0.858034321373 0.0478128179044 0.0811232449298
3 0.442014242116 0.90639625585 0.0518819938962 0.0811232449298
