0 0.121913580247 0.211693548387 0.0997942386831 0.0470430107527
0 0.723251028807 0.752016129032 0.037037037037 0.159946236559
0 0.894547325103 0.638440860215 0.048353909465 0.129032258065
3 0.274691358025 0.572580645161 0.037037037037 0.0483870967742
3 0.315329218107 0.620295698925 0.0462962962963 0.0577956989247
3 0.308641975309 0.52688172043 0.037037037037 0.0510752688172
3 0.347736625514 0.575268817204 0.0390946502058 0.0510752688172
3 0.343106995885 0.477822580645 0.0380658436214 0.0524193548387
3 0.383230452675 0.52688172043 0.0401234567901 0.0483870967742
3 0.375 0.432123655914 0.0380658436214 0.0524193548387
3 0.41512345679 0.480510752688 0.0380658436214 0.0497311827957
3 0.413065843621 0.370295698925 0.0318930041152 0.0497311827957
3 0.444444444444 0.407930107527 0.0349794238683 0.0470430107527
3 0.483024691358 0.363575268817 0.033950617284 0.0443548387097
3 0.519032921811 0.165322580645 0.0277777777778 0.0376344086022
3 0.618312757202 0.178091397849 0.0349794238683 0.0524193548387
3 0.643518518519 0.145161290323 0.0360082304527 0.0456989247312
3 0.675411522634 0.200268817204 0.033950617284 0.0456989247312
