3 0.256655092593 0.232438016529 0.0399305555556 0.0681818181818
3 0.300347222222 0.230888429752 0.0416666666667 0.0712809917355
3 0.366898148148 0.234504132231 0.0416666666667 0.0723140495868
3 0.364872685185 0.305268595041 0.0376157407407 0.0712809917355
3 0.43287037037 0.154958677686 0.0451388888889 0.0743801652893
3 0.429976851852 0.234504132231 0.0428240740741 0.0723140495868
3 0.41724537037 0.308367768595 0.0416666666667 0.0712809917355
3 0.506365740741 0.144111570248 0.0474537037037 0.077479338843
3 0.507233796296 0.224173553719 0.0457175925926 0.0743801652893
3 0.504918981481 0.305268595041 0.046875 0.077479338843
3 0.576967592593 0.143595041322 0.0451388888889 0.0805785123967
3 0.576678240741 0.222623966942 0.0457175925926 0.077479338843
3 0.575520833333 0.307334710744 0.046875 0.0816115702479
3 0.652488425926 0.145144628099 0.046875 0.077479338843
3 0.653645833333 0.225723140496 0.046875 0.077479338843
3 0.653935185185 0.307334710744 0.0462962962963 0.0795454545455
3 0.710358796296 0.130681818182 0.0376157407407 0.0609504132231
3 0.712384259259 0.189049586777 0.0381944444444 0.0619834710744
3 0.260706018519 0.580061983471 0.0480324074074 0.0857438016529
3 0.26099537037 0.659607438017 0.0486111111111 0.077479338843
3 0.315972222222 0.582644628099 0.0486111111111 0.0805785123967
3 0.316840277778 0.658574380165 0.046875 0.077479338843
3 0.161747685185 0.776859504132 0.0515046296296 0.0888429752066
3 0.169849537037 0.85847107438 0.046875 0.0867768595041
3 0.208333333333 0.773760330579 0.0451388888889 0.0888429752066
3 0.212094907407 0.875 0.041087962963 0.0743801652893
3 0.241319444444 0.82902892562 0.0381944444444 0.0712809917355
3 0.287037037037 0.776342975207 0.0416666666667 0.0712809917355
3 0.310763888889 0.830578512397 0.0347222222222 0.0619834710744
3 0.286747685185 0.874483471074 0.0457175925926 0.0754132231405
3 0.369212962963 0.786157024793 0.0509259259259 0.0826446280992
3 0.368923611111 0.86673553719 0.0503472222222 0.0826446280992
3 0.427083333333 0.77944214876 0.0451388888889 0.077479338843
3 0.424768518519 0.862603305785 0.0462962962963 0.0805785123967
3 0.480902777778 0.815599173554 0.0555555555556 0.0795454545455
3 0.428530092593 0.423037190083 0.046875 0.0836776859504
3 0.428240740741 0.506198347107 0.0474537037037 0.0805785123967
3 0.430844907407 0.587809917355 0.0515046296296 0.0826446280992
3 0.429976851852 0.660123966942 0.0439814814815 0.0681818181818
3 0.5078125 0.426652892562 0.0503472222222 0.0785123966942
3 0.504050925926 0.507231404959 0.0486111111111 0.0826446280992
3 0.507523148148 0.586776859504 0.0451388888889 0.0805785123967
3 0.50462962963 0.665289256198 0.0428240740741 0.0702479338843
3 0.577546296296 0.425619834711 0.0497685185185 0.0805785123967
3 0.577256944444 0.506198347107 0.046875 0.0805785123967
3 0.663483796296 0.432851239669 0.0445601851852 0.0785123966942
