3 0.072337962963 0.580739299611 0.0393518518519 0.0583657587549
3 0.0734953703704 0.655642023346 0.0486111111111 0.0739299610895
3 0.0749421296296 0.766536964981 0.0457175925926 0.0719844357977
3 0.0749421296296 0.850680933852 0.0480324074074 0.0729571984436
3 0.13744212963 0.709630350195 0.0457175925926 0.0710116731518
3 0.13599537037 0.783560311284 0.0451388888889 0.0729571984436
3 0.13744212963 0.860894941634 0.0491898148148 0.0700389105058
3 0.194733796296 0.703793774319 0.0457175925926 0.0749027237354
3 0.194733796296 0.781614785992 0.0480324074074 0.0729571984436
3 0.260416666667 0.704766536965 0.0486111111111 0.0787937743191
3 0.262152777778 0.783073929961 0.0486111111111 0.0817120622568
3 0.261863425926 0.881809338521 0.0503472222222 0.0768482490272
3 0.313368055556 0.700389105058 0.046875 0.0758754863813
3 0.312789351852 0.781128404669 0.0480324074074 0.0778210116732
3 0.374421296296 0.691147859922 0.0428240740741 0.0612840466926
3 0.376157407407 0.756322957198 0.0405092592593 0.0632295719844
3 0.377025462963 0.834630350195 0.041087962963 0.0642023346304
3 0.377025462963 0.900778210117 0.041087962963 0.0622568093385
3 0.417534722222 0.688715953307 0.0399305555556 0.0642023346304
3 0.416087962963 0.756322957198 0.0405092592593 0.0593385214008
3 0.419560185185 0.829280155642 0.0393518518519 0.0573929961089
3 0.41869212963 0.899805447471 0.041087962963 0.0642023346304
3 0.480324074074 0.701848249027 0.0393518518519 0.0612840466926
3 0.52025462963 0.704280155642 0.037037037037 0.0642023346304
3 0.482060185185 0.801070038911 0.0439814814815 0.0787937743191
3 0.47193287037 0.892509727626 0.0434027777778 0.0671206225681
3 0.519675925926 0.892509727626 0.0451388888889 0.0729571984436
3 0.499421296296 0.450389105058 0.0439814814815 0.0700389105058
3 0.544560185185 0.475680933852 0.0439814814815 0.0700389105058
3 0.600983796296 0.468871595331 0.0457175925926 0.0778210116732
3 0.646701388889 0.469844357977 0.046875 0.0758754863813
3 0.573784722222 0.320038910506 0.0434027777778 0.0622568093385
3 0.644386574074 0.35359922179 0.041087962963 0.0593385214008
3 0.702256944444 0.288424124514 0.0434027777778 0.0671206225681
3 0.744212962963 0.31420233463 0.0324074074074 0.0603112840467
3 0.731770833333 0.360408560311 0.0364583333333 0.0554474708171
3 0.776331018519 0.356031128405 0.041087962963 0.0642023346304
3 0.60619212963 0.68093385214 0.0445601851852 0.0758754863813
3 0.575810185185 0.789883268482 0.0393518518519 0.056420233463
3 0.57349537037 0.840953307393 0.0347222222222 0.0573929961089
3 0.575810185185 0.892509727626 0.0393518518519 0.0612840466926
3 0.620949074074 0.785019455253 0.0358796296296 0.0583657587549
3 0.620081018519 0.843385214008 0.0376157407407 0.0525291828794
3 0.620081018519 0.890077821012 0.0376157407407 0.0525291828794
3 0.674189814815 0.790856031128 0.0451388888889 0.0700389105058
3 0.673900462963 0.860894941634 0.0445601851852 0.0642023346304
3 0.727430555556 0.790856031128 0.0381944444444 0.0583657587549
3 0.725115740741 0.857976653696 0.0393518518519 0.0583657587549
3 0.783275462963 0.827821011673 0.0457175925926 0.0739299610895
3 0.842592592593 0.782101167315 0.0381944444444 0.0525291828794
3 0.840856481481 0.837548638132 0.0347222222222 0.0583657587549
3 0.884837962963 0.775778210117 0.0428240740741 0.0554474708171
3 0.883680555556 0.826361867704 0.0416666666667 0.0632295719844
3 0.931134259259 0.808852140078 0.0381944444444 0.0593385214008
3 0.966435185185 0.775778210117 0.0393518518519 0.0612840466926
0 0.289351851852 0.345817120623 0.056712962963 0.107976653696
0 0.455150462963 0.118677042802 0.0653935185185 0.124513618677
3 0.615740740741 0.260214007782 0.0393518518519 0.0632295719844
