0 0.495481927711 0.376801152738 0.0712851405622 0.0965417867435
0 0.803714859438 0.275936599424 0.0692771084337 0.0475504322767
0 0.164658634538 0.425792507205 0.0763052208835 0.0706051873199
0 0.0577309236948 0.778818443804 0.0672690763052 0.0331412103746
3 0.256024096386 0.134726224784 0.0562248995984 0.0821325648415
3 0.302208835341 0.165706051873 0.0562248995984 0.0806916426513
3 0.137048192771 0.724063400576 0.035140562249 0.0504322766571
3 0.173192771084 0.724783861671 0.0371485943775 0.0547550432277
3 0.208835341365 0.723342939481 0.0361445783133 0.0518731988473
3 0.243975903614 0.724783861671 0.0361445783133 0.0547550432277
3 0.150602409639 0.786023054755 0.0401606425703 0.0504322766571
3 0.186746987952 0.78386167147 0.0381526104418 0.0547550432277
3 0.223393574297 0.78674351585 0.0371485943775 0.0547550432277
3 0.259036144578 0.78674351585 0.0381526104418 0.0518731988473
3 0.208835341365 0.844380403458 0.0381526104418 0.0489913544669
3 0.252510040161 0.849423631124 0.0411646586345 0.0590778097983
3 0.208333333333 0.896253602305 0.0371485943775 0.0576368876081
3 0.252510040161 0.904178674352 0.0371485943775 0.0504322766571
3 0.0717871485944 0.954610951009 0.0371485943775 0.0561959654179
