0 0.661356628983 0.504748982361 0.0400822199383 0.103120759837
0 0.815005138746 0.314111261872 0.0390544707091 0.0936227951153
0 0.7852004111 0.624830393487 0.0431654676259 0.101763907734
3 0.632065775951 0.694708276798 0.0452209660843 0.0651289009498
3 0.602774922919 0.746947082768 0.0441932168551 0.0637720488467
3 0.697841726619 0.759158751696 0.0431654676259 0.0637720488467
3 0.669578622816 0.812754409769 0.0421377183967 0.067842605156
3 0.742548818088 0.816146540027 0.0462487153135 0.0664857530529
3 0.711716341213 0.8697421981 0.0421377183967 0.0651289009498
3 0.450154162384 0.915196743555 0.0452209660843 0.0637720488467
3 0.508221993834 0.918588873813 0.0462487153135 0.0597014925373
