0 0.840468909276 0.401162790698 0.0968399592253 0.0555555555556
0 0.352701325178 0.523901808786 0.0285423037717 0.094315245478
3 0.172273190622 0.267441860465 0.0407747196738 0.0516795865633
3 0.168195718654 0.31007751938 0.0305810397554 0.0387596899225
3 0.167176350663 0.352713178295 0.0305810397554 0.0387596899225
3 0.214067278287 0.304909560724 0.0509683995923 0.0697674418605
3 0.26503567788 0.306201550388 0.0530071355759 0.0697674418605
3 0.20998980632 0.370801033592 0.0530071355759 0.0671834625323
3 0.261467889908 0.37338501292 0.0560652395515 0.0697674418605
3 0.16004077472 0.434754521964 0.026503567788 0.0374677002584
3 0.183995922528 0.43669250646 0.0275229357798 0.0439276485788
3 0.206931702345 0.439276485788 0.0285423037717 0.0413436692506
3 0.230377166157 0.440568475452 0.026503567788 0.0413436692506
3 0.253822629969 0.44315245478 0.026503567788 0.0413436692506
3 0.27879714577 0.443798449612 0.0275229357798 0.0452196382429
