0 0.347293156282 0.183870967742 0.0449438202247 0.0658064516129
3 0.758937691522 0.536129032258 0.0429009193054 0.0529032258065
3 0.70480081716 0.548387096774 0.0531154239019 0.061935483871
3 0.655260469867 0.567096774194 0.0541368743616 0.0658064516129
3 0.606230847804 0.587741935484 0.050051072523 0.0606451612903
3 0.557201225741 0.607741935484 0.0480081716037 0.061935483871
3 0.511235955056 0.626451612903 0.050051072523 0.0606451612903
3 0.463738508682 0.633548387097 0.0286006128703 0.0335483870968
3 0.439223697651 0.642580645161 0.0286006128703 0.0335483870968
3 0.413687436159 0.653548387097 0.026557711951 0.0322580645161
3 0.46935648621 0.667741935484 0.0316649642492 0.0348387096774
3 0.44075587334 0.677419354839 0.0316649642492 0.0387096774194
3 0.4126659857 0.690322580645 0.026557711951 0.0361290322581
3 0.782941777324 0.604516129032 0.0520939734423 0.0632258064516
3 0.731869254341 0.622580645161 0.0520939734423 0.0606451612903
3 0.682328907048 0.646451612903 0.0531154239019 0.0567741935484
3 0.630745658836 0.665161290323 0.050051072523 0.058064516129
3 0.556690500511 0.68 0.0326864147089 0.0361290322581
3 0.52860061287 0.691612903226 0.0296220633299 0.0361290322581
3 0.49897854954 0.702580645161 0.0316649642492 0.0374193548387
3 0.47037793667 0.716129032258 0.0296220633299 0.0335483870968
3 0.568437180797 0.717419354839 0.0296220633299 0.0387096774194
3 0.535240040858 0.729032258065 0.0306435137896 0.0387096774194
3 0.507150153218 0.74 0.0296220633299 0.0374193548387
3 0.478038815117 0.752903225806 0.0306435137896 0.0374193548387
3 0.832992849847 0.652903225806 0.0296220633299 0.0412903225806
3 0.845760980592 0.687741935484 0.0306435137896 0.0412903225806
3 0.805413687436 0.661935483871 0.0316649642492 0.0387096774194
3 0.818181818182 0.698709677419 0.0326864147089 0.04
3 0.776813074566 0.674838709677 0.0296220633299 0.0387096774194
3 0.790091930541 0.709677419355 0.0296220633299 0.0387096774194
3 0.750766087845 0.686451612903 0.0306435137896 0.0387096774194
3 0.763023493361 0.722580645161 0.0286006128703 0.0387096774194
3 0.710418794688 0.703225806452 0.0316649642492 0.0412903225806
3 0.683350357508 0.718064516129 0.0286006128703 0.0425806451613
3 0.654749744637 0.729677419355 0.0306435137896 0.0374193548387
3 0.665474974464 0.766451612903 0.0296220633299 0.0412903225806
3 0.626149131767 0.737419354839 0.0326864147089 0.04
3 0.636874361593 0.778064516129 0.0316649642492 0.0387096774194
3 0.597037793667 0.751612903226 0.0316649642492 0.0374193548387
3 0.608273748723 0.789032258065 0.0296220633299 0.04
3 0.55771195097 0.771612903226 0.0306435137896 0.0361290322581
3 0.567415730337 0.808387096774 0.0296220633299 0.04
3 0.52962206333 0.783870967742 0.0316649642492 0.0348387096774
3 0.538815117467 0.821290322581 0.0316649642492 0.0425806451613
3 0.49948927477 0.798064516129 0.0306435137896 0.0374193548387
3 0.508682328907 0.836774193548 0.0286006128703 0.0374193548387
3 0.468335035751 0.809677419355 0.0296220633299 0.04
3 0.479060265577 0.849677419355 0.0286006128703 0.0425806451613
