3 0.276476578411 0.307401812689 0.0600814663951 0.0891238670695
3 0.336048879837 0.324018126888 0.0590631364562 0.0921450151057
3 0.393584521385 0.332326283988 0.0498981670061 0.0785498489426
3 0.283095723014 0.391993957704 0.050916496945 0.0770392749245
3 0.337067209776 0.410876132931 0.050916496945 0.0755287009063
3 0.390020366599 0.409365558912 0.050916496945 0.0755287009063
3 0.465885947047 0.468277945619 0.0437881873727 0.0664652567976
3 0.421079429735 0.5 0.0417515274949 0.0664652567976
3 0.460285132383 0.534743202417 0.040733197556 0.0664652567976
3 0.724032586558 0.477341389728 0.0529531568228 0.0815709969789
3 0.780040733198 0.468277945619 0.0529531568228 0.0725075528701
3 0.837576374745 0.468277945619 0.0560081466395 0.0815709969789
3 0.792260692464 0.545317220544 0.050916496945 0.0725075528701
3 0.723523421589 0.574018126888 0.0519348268839 0.0755287009063
