3 0.20998980632 0.226451612903 0.032619775739 0.0477419354839
3 0.241590214067 0.195483870968 0.0346585117227 0.0425806451613
3 0.268603465851 0.232258064516 0.0336391437309 0.0438709677419
3 0.234454638124 0.263870967742 0.0346585117227 0.0425806451613
3 0.48369011213 0.510967741935 0.0336391437309 0.0412903225806
3 0.579001019368 0.469032258065 0.032619775739 0.0451612903226
3 0.660550458716 0.436774193548 0.0366972477064 0.0477419354839
3 0.677879714577 0.48064516129 0.0346585117227 0.0503225806452
3 0.848114169215 0.616129032258 0.032619775739 0.0503225806452
3 0.869011213048 0.661935483871 0.0316004077472 0.0464516129032
3 0.907237512742 0.671612903226 0.0366972477064 0.0529032258065
