3 0.395593869732 0.396837349398 0.0574712643678 0.100903614458
3 0.44683908046 0.434487951807 0.0469348659004 0.0798192771084
3 0.499521072797 0.468373493976 0.0469348659004 0.078313253012
3 0.569923371648 0.504518072289 0.0478927203065 0.0813253012048
3 0.594827586207 0.394578313253 0.0498084291188 0.0843373493976
3 0.676245210728 0.445030120482 0.0478927203065 0.0768072289157
3 0.68438697318 0.50828313253 0.0354406130268 0.058734939759
3 0.650862068966 0.552710843373 0.0488505747126 0.0753012048193
3 0.664272030651 0.714608433735 0.0431034482759 0.0677710843373
3 0.585249042146 0.792921686747 0.0306513409962 0.0527108433735
3 0.545019157088 0.617469879518 0.051724137931 0.078313253012
3 0.51867816092 0.730421686747 0.0469348659004 0.078313253012
3 0.472701149425 0.57906626506 0.0469348659004 0.0768072289157
3 0.446360153257 0.6875 0.0478927203065 0.0798192771084
3 0.404214559387 0.519578313253 0.0613026819923 0.0993975903614
3 0.385057471264 0.611445783133 0.0498084291188 0.0843373493976
3 0.368295019157 0.692771084337 0.0488505747126 0.0813253012048
3 0.348659003831 0.493975903614 0.0478927203065 0.0813253012048
3 0.331896551724 0.567018072289 0.0469348659004 0.0737951807229
