3 0.779455298993 0.26656920078 0.0550621669627 0.0828460038986
3 0.827708703375 0.261695906433 0.0603907637655 0.0847953216374
3 0.870633510953 0.230994152047 0.0562462995856 0.0818713450292
3 0.760805210184 0.349902534113 0.0603907637655 0.0955165692008
3 0.811426879811 0.352339181287 0.0586145648313 0.0906432748538
3 0.866489046773 0.349902534113 0.0586145648313 0.083820662768
3 0.734162226169 0.445419103314 0.0426287744227 0.0760233918129
3 0.733274126702 0.505847953216 0.044404973357 0.0701754385965
3 0.772054470101 0.446393762183 0.0449970396684 0.0682261208577
3 0.772350503256 0.50828460039 0.044404973357 0.0672514619883
3 0.819123741859 0.480506822612 0.060982830077 0.093567251462
3 0.732386027235 0.575536062378 0.0426287744227 0.0672514619883
3 0.733570159858 0.638888888889 0.0426287744227 0.0730994152047
3 0.770870337478 0.576998050682 0.0426287744227 0.0643274853801
3 0.771758436945 0.639863547758 0.044404973357 0.0730994152047
3 0.808170515098 0.578947368421 0.0426287744227 0.0701754385965
3 0.809354647721 0.637914230019 0.0449970396684 0.0711500974659
3 0.84458259325 0.58089668616 0.0408525754885 0.0623781676413
3 0.844286560095 0.632066276803 0.0390763765542 0.0575048732943
3 0.732089994079 0.711500974659 0.0455891059799 0.0760233918129
3 0.768798105388 0.708576998051 0.044404973357 0.0760233918129
3 0.806690349319 0.70955165692 0.0420367081113 0.0682261208577
3 0.84458259325 0.70955165692 0.044404973357 0.0740740740741
3 0.774422735346 0.795808966862 0.056838365897 0.0925925925926
3 0.835109532268 0.800194931774 0.060982830077 0.0916179337232
0 0.144168146832 0.211500974659 0.0325636471285 0.116959064327
0 0.129366489047 0.592105263158 0.0657193605684 0.0964912280702
0 0.298697454115 0.574561403509 0.0491415038484 0.102339181287
0 0.446714031972 0.102826510721 0.0408525754885 0.100389863548
0 0.588217880403 0.0979532163743 0.0432208407342 0.0789473684211
