0 0.635288065844 0.635704874835 0.033950617284 0.130434782609
3 0.748971193416 0.54347826087 0.0411522633745 0.0540184453228
3 0.801440329218 0.551383399209 0.0452674897119 0.0540184453228
3 0.726851851852 0.672595520422 0.033950617284 0.0461133069829
3 0.764403292181 0.678524374177 0.0349794238683 0.0500658761528
3 0.80195473251 0.683135704875 0.0360082304527 0.0487483530962
3 0.85133744856 0.6930171278 0.0380658436214 0.0527009222661
3 0.889917695473 0.702239789196 0.037037037037 0.0474308300395
3 0.953703703704 0.712121212121 0.0349794238683 0.0513833992095
3 0.722222222222 0.720026350461 0.0349794238683 0.0513833992095
3 0.76183127572 0.728590250329 0.0360082304527 0.0474308300395
3 0.800411522634 0.736495388669 0.0349794238683 0.0447957839262
3 0.849794238683 0.745059288538 0.037037037037 0.0461133069829
3 0.887345679012 0.748353096179 0.0360082304527 0.0527009222661
3 0.950102880658 0.767457180501 0.0380658436214 0.0513833992095
3 0.719650205761 0.770092226614 0.0360082304527 0.0487483530962
3 0.757201646091 0.779314888011 0.0390946502058 0.0487483530962
3 0.795781893004 0.785243741765 0.0360082304527 0.0447957839262
3 0.847736625514 0.792490118577 0.0349794238683 0.0513833992095
3 0.884773662551 0.801712779974 0.0349794238683 0.0540184453228
3 0.958333333333 0.832674571805 0.0401234567901 0.0553359683794
3 0.730967078189 0.844532279315 0.048353909465 0.0711462450593
3 0.784979423868 0.853754940711 0.0493827160494 0.0737812911726
3 0.841049382716 0.86627140975 0.0504115226337 0.0671936758893
3 0.891975308642 0.873517786561 0.0473251028807 0.0658761528327
3 0.955761316872 0.897891963109 0.0390946502058 0.0566534914361
3 0.725308641975 0.913702239789 0.0452674897119 0.0698287220026
3 0.77829218107 0.926218708827 0.0504115226337 0.0658761528327
3 0.837962962963 0.936758893281 0.0504115226337 0.0658761528327
3 0.890432098765 0.947957839262 0.0504115226337 0.0671936758893
3 0.953189300412 0.971014492754 0.0421810699588 0.0527009222661
