3 0.185861795075 0.12012195122 0.0524225575854 0.0768292682927
3 0.185861795075 0.205487804878 0.0524225575854 0.0817073170732
3 0.185861795075 0.331707317073 0.0524225575854 0.0756097560976
3 0.185861795075 0.418902439024 0.0524225575854 0.0841463414634
3 0.233518665608 0.115853658537 0.0508339952343 0.080487804878
3 0.233518665608 0.205487804878 0.0508339952343 0.0792682926829
3 0.233518665608 0.331707317073 0.0508339952343 0.0756097560976
3 0.233518665608 0.418902439024 0.0508339952343 0.0841463414634
3 0.187053216839 0.591463414634 0.0468625893566 0.0829268292683
3 0.187053216839 0.69756097561 0.0468625893566 0.0853658536585
3 0.187053216839 0.826829268293 0.0468625893566 0.080487804878
3 0.187053216839 0.917073170732 0.0468625893566 0.0707317073171
3 0.237490071485 0.591463414634 0.0508339952343 0.0829268292683
3 0.237490071485 0.69756097561 0.0508339952343 0.0853658536585
3 0.237490071485 0.826829268293 0.0508339952343 0.080487804878
3 0.237490071485 0.917073170732 0.0508339952343 0.0707317073171
3 0.288721207307 0.591463414634 0.0516282764098 0.0829268292683
3 0.288721207307 0.69756097561 0.0516282764098 0.0853658536585
3 0.288721207307 0.826829268293 0.0516282764098 0.080487804878
3 0.288721207307 0.917073170732 0.0516282764098 0.0707317073171
3 0.339952343129 0.591463414634 0.0508339952343 0.0829268292683
3 0.339952343129 0.69756097561 0.0508339952343 0.0853658536585
3 0.339952343129 0.826829268293 0.0508339952343 0.080487804878
3 0.339952343129 0.917073170732 0.0508339952343 0.0707317073171
3 0.449563145353 0.2 0.0540111199365 0.0756097560976
3 0.449563145353 0.287804878049 0.0540111199365 0.0756097560976
3 0.555996822875 0.116463414634 0.0508339952343 0.0768292682927
3 0.555996822875 0.20487804878 0.0508339952343 0.0731707317073
3 0.555996822875 0.271951219512 0.0508339952343 0.0756097560976
3 0.555996822875 0.344512195122 0.0508339952343 0.0792682926829
3 0.555996822875 0.414024390244 0.0508339952343 0.0719512195122
3 0.607227958697 0.116463414634 0.0563939634631 0.0768292682927
3 0.607227958697 0.20487804878 0.0563939634631 0.0731707317073
3 0.607227958697 0.271951219512 0.0563939634631 0.0756097560976
3 0.607227958697 0.344512195122 0.0563939634631 0.0792682926829
3 0.607227958697 0.414024390244 0.0563939634631 0.0719512195122
3 0.449563145353 0.589634146341 0.0508339952343 0.0743902439024
3 0.449563145353 0.695731707317 0.0508339952343 0.0792682926829
3 0.449563145353 0.82743902439 0.0508339952343 0.0817073170732
3 0.500794281176 0.589634146341 0.0484511517077 0.0743902439024
3 0.500794281176 0.695731707317 0.0484511517077 0.0792682926829
3 0.500794281176 0.82743902439 0.0484511517077 0.0817073170732
3 0.552819698173 0.589634146341 0.0508339952343 0.0743902439024
3 0.552819698173 0.695731707317 0.0508339952343 0.0792682926829
3 0.552819698173 0.82743902439 0.0508339952343 0.0817073170732
3 0.605242255759 0.589634146341 0.0508339952343 0.0743902439024
3 0.605242255759 0.695731707317 0.0508339952343 0.0792682926829
3 0.605242255759 0.82743902439 0.0508339952343 0.0817073170732
3 0.884829229547 0.27012195122 0.0476568705322 0.0792682926829
3 0.934868943606 0.27012195122 0.0492454328832 0.0792682926829
3 0.86656076251 0.592682926829 0.0492454328832 0.0780487804878
3 0.921366163622 0.592682926829 0.0492454328832 0.0780487804878
3 0.864177918983 0.690853658537 0.0476568705322 0.0743902439024
3 0.921366163622 0.690853658537 0.0492454328832 0.0743902439024
3 0.85941223193 0.818292682927 0.0508339952343 0.0780487804878
3 0.922954725973 0.818292682927 0.0540111199365 0.0780487804878
