3 0.0545914678236 0.14590964591 0.0469992769342 0.0769230769231
3 0.0535068691251 0.263125763126 0.0491684743312 0.0842490842491
3 0.0538684020246 0.349206349206 0.0513376717281 0.0830280830281
3 0.100506146059 0.144688644689 0.0506146059291 0.0818070818071
3 0.0983369486623 0.267399267399 0.0520607375271 0.0854700854701
3 0.101229211858 0.345543345543 0.0506146059291 0.0854700854701
3 0.144613159798 0.147741147741 0.0506146059291 0.0879120879121
3 0.146782357195 0.263736263736 0.0477223427332 0.0830280830281
3 0.146059291396 0.343101343101 0.0520607375271 0.0854700854701
3 0.192335502531 0.149572649573 0.0535068691251 0.0866910866911
3 0.191973969631 0.263736263736 0.0513376717281 0.0805860805861
3 0.19269703543 0.343101343101 0.0513376717281 0.0805860805861
3 0.280911062907 0.144078144078 0.0498915401302 0.0781440781441
3 0.281634128706 0.225885225885 0.0498915401302 0.0854700854701
3 0.279103398409 0.330280830281 0.0506146059291 0.0793650793651
3 0.281272595806 0.409645909646 0.0491684743312 0.0818070818071
3 0.330079537238 0.145299145299 0.0513376717281 0.0781440781441
3 0.329718004338 0.223443223443 0.0520607375271 0.0757020757021
3 0.330441070137 0.332722832723 0.0535068691251 0.0769230769231
3 0.32827187274 0.409035409035 0.0491684743312 0.0854700854701
3 0.406001446132 0.147741147741 0.0513376717281 0.0757020757021
3 0.408532176428 0.221611721612 0.0520607375271 0.0769230769231
3 0.408170643529 0.346764346764 0.0513376717281 0.0757020757021
3 0.408170643529 0.424908424908 0.0527838033261 0.0830280830281
3 0.454446854664 0.144688644689 0.0484454085322 0.0769230769231
3 0.454446854664 0.222832722833 0.0484454085322 0.0842490842491
3 0.454446854664 0.346764346764 0.0484454085322 0.0830280830281
3 0.454446854664 0.422466422466 0.0484454085322 0.0830280830281
3 0.540130151844 0.14590964591 0.0520607375271 0.0769230769231
3 0.540130151844 0.228937728938 0.0520607375271 0.0915750915751
3 0.540130151844 0.3778998779 0.0520607375271 0.0818070818071
3 0.540130151844 0.455433455433 0.0520607375271 0.0805860805861
3 0.586767895879 0.147130647131 0.0498915401302 0.0793650793651
3 0.586767895879 0.226495726496 0.0498915401302 0.0818070818071
3 0.586767895879 0.371184371184 0.0498915401302 0.0830280830281
3 0.586767895879 0.454822954823 0.0498915401302 0.0940170940171
3 0.631597975416 0.14590964591 0.0469992769342 0.0818070818071
3 0.630151843818 0.227106227106 0.0455531453362 0.0805860805861
3 0.673535791757 0.144688644689 0.0455531453362 0.0793650793651
3 0.673535791757 0.221611721612 0.0455531453362 0.0769230769231
3 0.673535791757 0.32967032967 0.0455531453362 0.0805860805861
3 0.673535791757 0.407203907204 0.0455531453362 0.0818070818071
3 0.673535791757 0.4884004884 0.0455531453362 0.0830280830281
3 0.72161966739 0.142857142857 0.0520607375271 0.0757020757021
3 0.72161966739 0.221611721612 0.0520607375271 0.0769230769231
3 0.72161966739 0.32967032967 0.0520607375271 0.0805860805861
3 0.72161966739 0.407203907204 0.0520607375271 0.0818070818071
3 0.72161966739 0.4884004884 0.0520607375271 0.0830280830281
3 0.800795372379 0.142857142857 0.0513376717281 0.0757020757021
3 0.800795372379 0.248473748474 0.0513376717281 0.0793650793651
3 0.800795372379 0.438339438339 0.0513376717281 0.0805860805861
3 0.800795372379 0.507326007326 0.0513376717281 0.0769230769231
3 0.847794649313 0.142857142857 0.0498915401302 0.0757020757021
3 0.847794649313 0.248473748474 0.0498915401302 0.0793650793651
3 0.847794649313 0.438339438339 0.0498915401302 0.0805860805861
3 0.847794649313 0.507326007326 0.0498915401302 0.0769230769231
3 0.894793926247 0.142857142857 0.0498915401302 0.0757020757021
3 0.894793926247 0.248473748474 0.0498915401302 0.0793650793651
3 0.894793926247 0.438339438339 0.0498915401302 0.0805860805861
3 0.894793926247 0.507326007326 0.0498915401302 0.0769230769231
3 0.941793203181 0.140415140415 0.0527838033261 0.0805860805861
3 0.940708604483 0.247863247863 0.0506146059291 0.0903540903541
3 0.940708604483 0.435897435897 0.0477223427332 0.0757020757021
