3 0.716552315609 0.341849148418 0.0540308747856 0.0827250608273
3 0.688679245283 0.432481751825 0.0583190394511 0.0839416058394
3 0.663379073756 0.52798053528 0.057461406518 0.0851581508516
3 0.782590051458 0.381386861314 0.0557461406518 0.0839416058394
3 0.757718696398 0.47201946472 0.0540308747856 0.0827250608273
3 0.727701543739 0.568734793187 0.0591766723842 0.0815085158151
3 0.847770154374 0.418491484185 0.057461406518 0.0900243309002
3 0.821612349914 0.513381995134 0.0514579759863 0.0827250608273
3 0.795025728988 0.605231143552 0.0600343053173 0.0912408759124
3 0.923241852487 0.579075425791 0.0540308747856 0.0778588807786
3 0.905660377358 0.642335766423 0.0583190394511 0.0924574209246
3 0.887221269297 0.703771289538 0.0540308747856 0.0912408759124
3 0.869639794168 0.767639902676 0.0583190394511 0.0900243309002
