3 0.129340277778 0.176945668135 0.046875 0.0690161527166
3 0.1875 0.162995594714 0.0503472222222 0.0734214390602
3 0.305121527778 0.259177679883 0.0460069444444 0.0778267254038
3 0.464409722222 0.24449339207 0.0416666666667 0.0660792951542
3 0.464409722222 0.296622613803 0.0416666666667 0.0616740088106
3 0.465711805556 0.355359765051 0.0390625 0.064610866373
3 0.44140625 0.435389133627 0.0477430555556 0.0837004405286
3 0.441840277778 0.510279001468 0.046875 0.0807635829662
3 0.483072916667 0.436857562408 0.0477430555556 0.0837004405286
3 0.486111111111 0.51174743025 0.046875 0.0748898678414
3 0.52734375 0.436857562408 0.0477430555556 0.0807635829662
3 0.528211805556 0.51174743025 0.0512152777778 0.0837004405286
3 0.580729166667 0.407488986784 0.0329861111111 0.0484581497797
3 0.609809027778 0.408223201175 0.0338541666667 0.0528634361233
3 0.595920138889 0.472099853157 0.0477430555556 0.071953010279
3 0.728298611111 0.237151248164 0.0520833333333 0.0748898678414
