5 0.0690703735882 0.167175572519 0.0356211989574 0.0839694656489
5 0.105125977411 0.15572519084 0.0417028670721 0.0824427480916
5 0.115986099044 0.237404580153 0.0408340573414 0.0900763358779
5 0.152041702867 0.216030534351 0.0382276281494 0.0778625954198
5 0.191138140747 0.206870229008 0.0417028670721 0.0809160305344
5 0.125108601216 0.325190839695 0.0399652476108 0.0885496183206
5 0.163770634231 0.298473282443 0.0460469157255 0.0809160305344
5 0.202432667246 0.29465648855 0.0451781059948 0.0763358778626
5 0.242832319722 0.285496183206 0.0460469157255 0.0763358778626
5 0.171589921807 0.387022900763 0.0460469157255 0.0839694656489
5 0.215030408341 0.390076335878 0.0477845351868 0.0839694656489
5 0.257602085143 0.391603053435 0.0477845351868 0.0839694656489
5 0.314943527368 0.339694656489 0.0564726324935 0.0900763358779
5 0.209817549957 0.554198473282 0.0529973935708 0.103816793893
5 0.301476976542 0.561832061069 0.0538662033015 0.103816793893
5 0.432667245873 0.606106870229 0.0417028670721 0.0702290076336
5 0.636403127715 0.390839694656 0.0460469157255 0.0824427480916
5 0.678105994787 0.370229007634 0.0495221546481 0.0839694656489
5 0.720243266725 0.379389312977 0.0451781059948 0.0809160305344
5 0.758036490009 0.39465648855 0.0495221546481 0.0870229007634
5 0.65638575152 0.486259541985 0.0408340573414 0.0809160305344
5 0.693744569939 0.480916030534 0.0443092962641 0.0824427480916
5 0.73370981755 0.474809160305 0.0425716768028 0.0946564885496
5 0.862293657689 0.610687022901 0.0443092962641 0.0732824427481
