3 0.255642361111 0.107623318386 0.0494791666667 0.0747384155456
3 0.318142361111 0.107623318386 0.0425347222222 0.0747384155456
3 0.372395833333 0.106128550075 0.0451388888889 0.0777279521674
3 0.411892361111 0.104633781764 0.0460069444444 0.0747384155456
3 0.452256944444 0.101644245142 0.0399305555556 0.0687593423019
3 0.381944444444 0.242899850523 0.0451388888889 0.0732436472347
3 0.443142361111 0.244394618834 0.0494791666667 0.0702541106129
3 0.319010416667 0.339312406577 0.0477430555556 0.0717488789238
3 0.4453125 0.3355754858 0.046875 0.0702541106129
3 0.382378472222 0.336322869955 0.0477430555556 0.0807174887892
3 0.259548611111 0.432735426009 0.0416666666667 0.0762331838565
3 0.297309027778 0.431988041854 0.0425347222222 0.0717488789238
3 0.333767361111 0.43423019432 0.0425347222222 0.0702541106129
3 0.401041666667 0.428998505232 0.0503472222222 0.0777279521674
3 0.454861111111 0.428998505232 0.0486111111111 0.0747384155456
3 0.278645833333 0.514200298954 0.03125 0.050822122571
3 0.277777777778 0.55754857997 0.03125 0.0538116591928
3 0.3125 0.514947683109 0.0329861111111 0.0493273542601
3 0.3125 0.556053811659 0.03125 0.050822122571
3 0.348090277778 0.514200298954 0.0329861111111 0.050822122571
3 0.346354166667 0.556053811659 0.0347222222222 0.0568011958146
3 0.395833333333 0.532137518685 0.0486111111111 0.0807174887892
3 0.451388888889 0.537369207773 0.0503472222222 0.0822122571001
3 0.337673611111 0.644992526158 0.0538194444444 0.085201793722
3 0.340711805556 0.743647234679 0.0512152777778 0.0822122571001
3 0.399739583333 0.644245142003 0.0494791666667 0.0837070254111
3 0.400607638889 0.74514200299 0.0494791666667 0.085201793722
3 0.450520833333 0.641255605381 0.0503472222222 0.0777279521674
3 0.454861111111 0.742899850523 0.0503472222222 0.0807174887892
0 0.253472222222 0.719730941704 0.046875 0.159940209268
0 0.399739583333 0.907324364723 0.0859375 0.0418535127055
