3 0.861197110423 0.644090305445 0.0443756449948 0.0610889774236
3 0.834365325077 0.557104913679 0.046439628483 0.0650730411687
3 0.814241486068 0.619521912351 0.0433436532508 0.062416998672
3 0.747162022704 0.483399734396 0.0433436532508 0.0610889774236
3 0.729618163055 0.543824701195 0.0433436532508 0.062416998672
3 0.692466460268 0.474767596282 0.0433436532508 0.0650730411687
3 0.665634674923 0.527224435591 0.0392156862745 0.0557768924303
3 0.557275541796 0.353917662683 0.0371517027864 0.0517928286853
3 0.542827657379 0.403718459495 0.0371517027864 0.0504648074369
3 0.520123839009 0.334661354582 0.0371517027864 0.0531208499336
3 0.504643962848 0.384462151394 0.0392156862745 0.0491367861886
3 0.487616099071 0.435590969456 0.0381836945304 0.0531208499336
3 0.272961816305 0.181938911023 0.0257997936017 0.0345285524568
3 0.263157894737 0.209827357238 0.0247678018576 0.0345285524568
