3 0.420415224913 0.162182361734 0.0328719723183 0.0553064275037
3 0.470588235294 0.162182361734 0.0328719723183 0.0553064275037
3 0.50821799308 0.162182361734 0.0337370242215 0.0553064275037
3 0.557958477509 0.162182361734 0.0328719723183 0.0553064275037
3 0.607266435986 0.162929745889 0.0328719723183 0.0538116591928
3 0.646193771626 0.161434977578 0.0346020761246 0.0568011958146
3 0.348615916955 0.219730941704 0.0346020761246 0.0568011958146
3 0.400519031142 0.219730941704 0.0346020761246 0.0568011958146
3 0.439878892734 0.219730941704 0.0320069204152 0.0568011958146
3 0.489186851211 0.219730941704 0.0320069204152 0.0568011958146
3 0.539359861592 0.221225710015 0.0320069204152 0.0538116591928
3 0.576124567474 0.219730941704 0.0328719723183 0.0538116591928
3 0.627162629758 0.220478325859 0.0328719723183 0.0523168908819
3 0.319636678201 0.263826606876 0.0354671280277 0.0582959641256
3 0.319636678201 0.333333333333 0.0354671280277 0.0597907324365
0 0.491349480969 0.693572496263 0.098615916955 0.0298953662182
0 0.813148788927 0.764573991031 0.060553633218 0.100149476831
