5 0.235541535226 0.167504187605 0.107255520505 0.0670016750419
5 0.231335436383 0.248743718593 0.111461619348 0.0653266331658
5 0.227655099895 0.323283082077 0.112513144059 0.0603015075377
5 0.22134595163 0.407035175879 0.116719242902 0.0670016750419
5 0.38643533123 0.160804020101 0.106203995794 0.0603015075377
5 0.387486855941 0.238693467337 0.112513144059 0.0653266331658
5 0.388012618297 0.314070351759 0.117770767613 0.0686767169179
5 0.388012618297 0.396984924623 0.119873817035 0.0770519262982
5 0.538906414301 0.153266331658 0.110410094637 0.0619765494137
5 0.543638275499 0.225293132328 0.11356466877 0.0619765494137
5 0.546792849632 0.307370184255 0.11356466877 0.07202680067
5 0.468454258675 0.391959798995 0.1241 0.0837520938023
5 0.68927444795 0.149078726968 0.112513144059 0.0636515912898
5 0.697160883281 0.221943048576 0.11356466877 0.0619765494137
5 0.706098843323 0.297319932998 0.118822292324 0.0686767169179
5 0.713459516299 0.376046901173 0.120925341746 0.0753768844221
