3 0.320746527778 0.088 0.0338541666667 0.0544
3 0.367621527778 0.0912 0.0373263888889 0.0608
3 0.448350694444 0.0936 0.0251736111111 0.0464
3 0.53515625 0.1 0.0286458333333 0.0496
3 0.587239583333 0.1056 0.0303819444444 0.0544
3 0.639756944444 0.1336 0.03125 0.0528
3 0.470920138889 0.144 0.0217013888889 0.0384
3 0.330295138889 0.1784 0.0338541666667 0.0624
3 0.368489583333 0.1968 0.0355902777778 0.048
3 0.447916666667 0.196 0.0260416666667 0.0464
3 0.535590277778 0.1856 0.0260416666667 0.0448
3 0.587239583333 0.1896 0.0303819444444 0.0528
3 0.21875 0.388 0.03125 0.0592
3 0.266927083333 0.3512 0.0286458333333 0.0528
3 0.306423611111 0.3904 0.03125 0.0544
3 0.380208333333 0.388 0.03125 0.0528
3 0.426215277778 0.3856 0.0295138888889 0.0512
3 0.476128472222 0.3856 0.0286458333333 0.0512
3 0.521701388889 0.3864 0.0295138888889 0.0496
3 0.575086805556 0.3904 0.0286458333333 0.0512
3 0.207465277778 0.4824 0.0277777777778 0.0496
3 0.254774305556 0.4744 0.0251736111111 0.04
3 0.1796875 0.524 0.0295138888889 0.0464
3 0.254774305556 0.5264 0.0234375 0.0416
3 0.301649305556 0.5064 0.0407986111111 0.0688
3 0.381510416667 0.4568 0.0303819444444 0.0528
3 0.423611111111 0.46 0.0295138888889 0.056
3 0.499565972222 0.4592 0.0269097222222 0.0512
3 0.543836805556 0.4632 0.0269097222222 0.0496
3 0.621961805556 0.4216 0.0286458333333 0.0592
3 0.653211805556 0.4704 0.0303819444444 0.0544
3 0.588541666667 0.5 0.0295138888889 0.0528
3 0.381944444444 0.5392 0.0277777777778 0.0512
3 0.424479166667 0.5384 0.0295138888889 0.0528
3 0.48046875 0.5328 0.0286458333333 0.0416
3 0.530381944444 0.5376 0.0364583333333 0.0512
3 0.137586805556 0.64 0.0234375 0.0416
3 0.171440972222 0.6384 0.0217013888889 0.0416
3 0.212239583333 0.6128 0.0217013888889 0.0416
3 0.254340277778 0.6048 0.0243055555556 0.0416
3 0.290364583333 0.6048 0.0217013888889 0.0352
3 0.315538194444 0.6056 0.0199652777778 0.0368
3 0.25390625 0.6568 0.0234375 0.0432
3 0.291232638889 0.6536 0.0217013888889 0.0368
3 0.315972222222 0.6544 0.0208333333333 0.0384
3 0.132378472222 0.7528 0.0217013888889 0.04
3 0.162326388889 0.7552 0.0225694444444 0.0448
3 0.193576388889 0.7536 0.0225694444444 0.0416
3 0.243923611111 0.76 0.0329861111111 0.0576
3 0.28515625 0.7568 0.0321180555556 0.0608
0 0.456163194444 0.8048 0.0772569444444 0.0288
