5 0.162529550827 0.784584980237 0.0981087470449 0.142292490119
5 0.212174940898 0.739130434783 0.0981087470449 0.154150197628
5 0.268912529551 0.676877470356 0.100472813239 0.152173913043
5 0.382978723404 0.54347826087 0.0945626477541 0.138339920949
5 0.426713947991 0.499011857708 0.0945626477541 0.128458498024
5 0.471040189125 0.449604743083 0.0981087470449 0.128458498024
5 0.5768321513 0.356719367589 0.0921985815603 0.120553359684
5 0.61938534279 0.318181818182 0.0945626477541 0.126482213439
5 0.66134751773 0.274703557312 0.0933806146572 0.138339920949
5 0.699172576832 0.236166007905 0.0910165484634 0.116600790514
5 0.754728132388 0.175889328063 0.0886524822695 0.106719367589
5 0.795508274232 0.134387351779 0.0898345153664 0.106719367589
