7 0.733366935484 0.13 0.0957661290323 0.126666666667
7 0.460181451613 0.0816666666667 0.09375 0.106666666667
7 0.508568548387 0.2025 0.0897177419355 0.128333333333
7 0.438508064516 0.855 0.10685483871 0.153333333333
7 0.148185483871 0.765833333333 0.116935483871 0.161666666667
5 0.194052419355 0.423333333333 0.0614919354839 0.09
5 0.227318548387 0.439166666667 0.0514112903226 0.0883333333333
5 0.259576612903 0.453333333333 0.0554435483871 0.09
5 0.291834677419 0.4675 0.0574596774194 0.0916666666667
5 0.3125 0.3425 0.054435483871 0.0916666666667
5 0.345262096774 0.358333333333 0.0514112903226 0.0866666666667
