5 0.94793814433 0.761240310078 0.0505154639175 0.117829457364
5 0.84587628866 0.568217054264 0.0422680412371 0.100775193798
5 0.948453608247 0.580620155039 0.0474226804124 0.103875968992
5 0.804639175258 0.406976744186 0.0381443298969 0.0883720930233
5 0.885567010309 0.413178294574 0.0412371134021 0.0914728682171
5 0.722680412371 0.260465116279 0.039175257732 0.093023255814
5 0.763402061856 0.267441860465 0.0381443298969 0.0852713178295
5 0.803092783505 0.268992248062 0.0371134020619 0.0852713178295
5 0.855670103093 0.27519379845 0.0412371134021 0.0852713178295
5 0.895360824742 0.276744186047 0.0422680412371 0.0883720930233
