5 0.205938697318 0.831147540984 0.0689655172414 0.0885245901639
5 0.233237547893 0.777868852459 0.066091954023 0.0901639344262
5 0.271072796935 0.922950819672 0.0708812260536 0.101639344262
5 0.301245210728 0.865573770492 0.0680076628352 0.0983606557377
5 0.344348659004 0.0762295081967 0.0526819923372 0.0606557377049
5 0.366858237548 0.0475409836066 0.0536398467433 0.055737704918
4 0.38122605364 0.783606557377 0.0804597701149 0.108196721311
4 0.409003831418 0.726229508197 0.0785440613027 0.111475409836
4 0.437260536398 0.672131147541 0.0775862068966 0.108196721311
7 0.535440613027 0.147540983607 0.088122605364 0.108196721311
