5 0.256329113924 0.220689655172 0.0569620253165 0.11724137931
5 0.304852320675 0.206034482759 0.0590717299578 0.112068965517
5 0.353375527426 0.187068965517 0.0611814345992 0.115517241379
5 0.434599156118 0.243965517241 0.0632911392405 0.118965517241
5 0.483122362869 0.225 0.0590717299578 0.115517241379
5 0.567510548523 0.285344827586 0.0654008438819 0.122413793103
5 0.613924050633 0.268103448276 0.0675105485232 0.118965517241
5 0.215189873418 0.440517241379 0.0611814345992 0.129310344828
5 0.26635021097 0.419827586207 0.0601265822785 0.125862068966
5 0.317510548523 0.402586206897 0.0590717299578 0.125862068966
5 0.402953586498 0.466379310345 0.0611814345992 0.13275862069
5 0.454113924051 0.448275862069 0.0643459915612 0.127586206897
5 0.543248945148 0.511206896552 0.0696202531646 0.13275862069
5 0.59388185654 0.491379310345 0.0696202531646 0.134482758621
5 0.643987341772 0.469827586207 0.0727848101266 0.13275862069
5 0.5944092827 0.762068965517 0.0727848101266 0.151724137931
5 0.647679324895 0.738793103448 0.0717299578059 0.15
5 0.700421940928 0.716379310345 0.0738396624473 0.15
