5 0.285568065507 0.718989280245 0.042988741044 0.133231240429
5 0.339303991812 0.713629402757 0.0419651995906 0.125574272588
5 0.25076765609 0.536753445636 0.0409416581372 0.114854517611
5 0.301432958035 0.536753445636 0.0399181166837 0.111791730475
5 0.351074718526 0.535222052067 0.0491299897646 0.111791730475
5 0.244114636643 0.226646248086 0.03582395087 0.0918836140888
5 0.288638689867 0.226646248086 0.0388945752303 0.0918836140888
5 0.330603889458 0.226646248086 0.0368474923234 0.0918836140888
5 0.376151484135 0.226646248086 0.0399181166837 0.0918836140888
5 0.440122824974 0.172281776417 0.0368474923234 0.093415007657
5 0.481064483112 0.172281776417 0.0388945752303 0.093415007657
1 0.916069600819 0.234303215926 0.157625383828 0.186830015314
