5 0.10111223458 0.361853832442 0.0384226491405 0.124777183601
5 0.14812942366 0.375222816399 0.051567239636 0.122994652406
5 0.205763397371 0.385918003565 0.0556117290192 0.119429590018
5 0.252275025278 0.393048128342 0.051567239636 0.122994652406
5 0.307886754297 0.400178253119 0.0495449949444 0.119429590018
5 0.354398382204 0.406417112299 0.0535894843276 0.117647058824
5 0.412032355915 0.420677361854 0.0475227502528 0.117647058824
5 0.458543983822 0.428698752228 0.051567239636 0.119429590018
5 0.523255813953 0.435828877005 0.0495449949444 0.122994652406
5 0.573811931244 0.447415329768 0.051567239636 0.121212121212
5 0.630940343782 0.455436720143 0.046511627907 0.126559714795
5 0.681496461072 0.46256684492 0.0485338725986 0.126559714795
5 0.739130434783 0.470588235294 0.046511627907 0.131907308378
5 0.630940343782 0.677361853832 0.046511627907 0.149732620321
5 0.68301314459 0.689839572193 0.0475227502528 0.149732620321
5 0.744186046512 0.695187165775 0.0505561172902 0.149732620321
5 0.795753286148 0.705882352941 0.0505561172902 0.142602495544
