5 0.24506387921 0.567612687813 0.0859465737515 0.0868113522538
5 0.325203252033 0.651919866444 0.0859465737515 0.085141903172
5 0.269454123113 0.524207011686 0.0813008130081 0.0834724540902
5 0.351335656214 0.610183639399 0.082462253194 0.0884808013356
5 0.294425087108 0.480801335559 0.0801393728223 0.0868113522538
5 0.375145180023 0.564273789649 0.0859465737515 0.0834724540902
5 0.318234610918 0.441569282137 0.0766550522648 0.0884808013356
5 0.400696864111 0.522537562604 0.0813008130081 0.0901502504174
7 0.565040650407 0.692821368948 0.152148664344 0.20367278798
7 0.222996515679 0.0784641068447 0.104529616725 0.100166944908
4 0.297909407666 0.251252086811 0.101045296167 0.111853088481
4 0.351916376307 0.17612687813 0.0905923344948 0.105175292154
