5 0.136639676113 0.660107334526 0.0668016194332 0.193202146691
5 0.207489878543 0.643112701252 0.0668016194332 0.209302325581
5 0.299089068826 0.640429338104 0.0657894736842 0.189624329159
5 0.371963562753 0.628801431127 0.0657894736842 0.184257602862
5 0.462550607287 0.61717352415 0.0647773279352 0.182468694097
5 0.532388663968 0.61091234347 0.0647773279352 0.180679785331
5 0.637651821862 0.59481216458 0.0708502024291 0.180679785331
5 0.70495951417 0.584078711986 0.0738866396761 0.180679785331
5 0.774291497976 0.576923076923 0.0748987854251 0.173524150268
5 0.84008097166 0.567978533095 0.0769230769231 0.1771019678
