5 0.467400881057 0.912254160363 0.0784140969163 0.102874432678
5 0.437004405286 0.753403933434 0.0722466960352 0.0907715582451
5 0.598678414097 0.810136157337 0.0555066079295 0.0741301059002
5 0.586343612335 0.310892586989 0.0449339207048 0.0590015128593
5 0.6140969163 0.361573373676 0.0440528634361 0.0635400907716
5 0.570044052863 0.42208774584 0.0440528634361 0.0665658093797
5 0.600881057269 0.465960665658 0.047577092511 0.0695915279879
5 0.621585903084 0.527231467474 0.0466960352423 0.0680786686838
5 0.521145374449 0.481845688351 0.0396475770925 0.0620272314675
5 0.555947136564 0.531013615734 0.0511013215859 0.0635400907716
5 0.577533039648 0.596822995461 0.0484581497797 0.071104387292
5 0.6 0.668683812405 0.0493392070485 0.0695915279879
5 0.508370044053 0.595310136157 0.0563876651982 0.0741301059002
5 0.525991189427 0.67397881997 0.0493392070485 0.071104387292
5 0.547136563877 0.748865355522 0.047577092511 0.0665658093797
