9 0.891339869281 0.148224043716 0.106209150327 0.0696721311475
9 0.766339869281 0.252732240437 0.0980392156863 0.0573770491803
9 0.799836601307 0.356557377049 0.0996732026144 0.0546448087432
9 0.903594771242 0.393442622951 0.0980392156863 0.0355191256831
9 0.718137254902 0.420765027322 0.112745098039 0.0655737704918
9 0.555555555556 0.412568306011 0.111111111111 0.0546448087432
9 0.517973856209 0.481557377049 0.107843137255 0.0532786885246
9 0.345588235294 0.524590163934 0.093137254902 0.0491803278689
9 0.378267973856 0.346994535519 0.106209150327 0.0601092896175
9 0.361928104575 0.210382513661 0.0964052287582 0.0601092896175
