9 0.753968253968 0.124103299857 0.0257936507937 0.06456241033
9 0.896329365079 0.381635581062 0.0267857142857 0.0746054519369
9 0.932043650794 0.405308464849 0.0267857142857 0.0703012912482
9 0.703869047619 0.593256814921 0.0248015873016 0.0674318507891
9 0.696428571429 0.365136298422 0.0257936507937 0.06456241033
9 0.635416666667 0.657819225251 0.0228174603175 0.0674318507891
9 0.435515873016 0.3543758967 0.0515873015873 0.0430416068867
9 0.352678571429 0.191535150646 0.0228174603175 0.0703012912482
9 0.298115079365 0.626255380201 0.0228174603175 0.0789096126255
9 0.284722222222 0.727403156385 0.0238095238095 0.0688665710187
9 0.273313492063 0.820659971306 0.0208333333333 0.0659971305595
9 0.662202380952 0.401004304161 0.0228174603175 0.0674318507891
