9 0.611524163569 0.851274787535 0.046468401487 0.056657223796
9 0.781598513011 0.507790368272 0.0501858736059 0.0524079320113
9 0.862453531599 0.359065155807 0.0223048327138 0.0750708215297
9 0.888940520446 0.328611898017 0.025092936803 0.0736543909348
9 0.918680297398 0.28895184136 0.025092936803 0.0821529745042
9 0.895446096654 0.119688385269 0.0399628252788 0.0779036827195
9 0.842472118959 0.214589235127 0.0511152416357 0.0382436260623
9 0.677973977695 0.454674220963 0.0566914498141 0.0368271954674
9 0.623605947955 0.531869688385 0.0539033457249 0.0382436260623
9 0.593866171004 0.56657223796 0.0483271375465 0.0368271954674
9 0.648234200743 0.181303116147 0.0362453531599 0.070821529745
9 0.627788104089 0.204674220963 0.0381040892193 0.0665722379603
9 0.582713754647 0.247875354108 0.0390334572491 0.070821529745
9 0.565520446097 0.271954674221 0.0325278810409 0.0651558073654
9 0.544144981413 0.292492917847 0.0381040892193 0.0694050991501
9 0.525092936803 0.315864022663 0.0390334572491 0.0736543909348
9 0.505576208178 0.344900849858 0.0371747211896 0.0637393767705
9 0.48373605948 0.444050991501 0.0418215613383 0.0609065155807
9 0.489776951673 0.477337110482 0.0390334572491 0.0538243626062
9 0.509758364312 0.507082152975 0.0399628252788 0.056657223796
9 0.531133828996 0.550991501416 0.025092936803 0.0764872521246
9 0.559944237918 0.539660056657 0.021375464684 0.0623229461756
9 0.580855018587 0.502124645892 0.0241635687732 0.0779036827195
9 0.487453531599 0.590651558074 0.0436802973978 0.0623229461756
9 0.467936802974 0.548866855524 0.0399628252788 0.0552407932011
9 0.44749070632 0.528328611898 0.0473977695167 0.0679886685552
9 0.429832713755 0.498583569405 0.0455390334572 0.0651558073654
9 0.414498141264 0.467422096317 0.0520446096654 0.0623229461756
9 0.401486988848 0.43059490085 0.0483271375465 0.0538243626062
9 0.391728624535 0.389518413598 0.0436802973978 0.0538243626062
9 0.383828996283 0.344900849858 0.0408921933086 0.0410764872521
9 0.372676579926 0.305240793201 0.0501858736059 0.0467422096317
9 0.354089219331 0.497875354108 0.0539033457249 0.0467422096317
9 0.344795539033 0.561614730878 0.0390334572491 0.0524079320113
9 0.397304832714 0.617563739377 0.0604089219331 0.0764872521246
9 0.43029739777 0.32223796034 0.0390334572491 0.0665722379603
9 0.453996282528 0.295325779037 0.0381040892193 0.0665722379603
9 0.496282527881 0.253541076487 0.0334572490706 0.0623229461756
9 0.514869888476 0.231586402266 0.0334572490706 0.0609065155807
9 0.532527881041 0.205382436261 0.0371747211896 0.0764872521246
9 0.554832713755 0.188385269122 0.0371747211896 0.0679886685552
9 0.574814126394 0.161473087819 0.0381040892193 0.0764872521246
9 0.527881040892 0.107648725212 0.0390334572491 0.0736543909348
9 0.485130111524 0.160764872521 0.0315985130112 0.0609065155807
9 0.461895910781 0.179886685552 0.0334572490706 0.0623229461756
9 0.418680297398 0.220254957507 0.0362453531599 0.0694050991501
9 0.394981412639 0.240793201133 0.0390334572491 0.0764872521246
9 0.130111524164 0.592067988669 0.0260223048327 0.0878186968839
