9 0.47425093633 0.893162393162 0.0308988764045 0.0541310541311
9 0.48829588015 0.856837606838 0.0383895131086 0.0669515669516
9 0.51638576779 0.80056980057 0.0477528089888 0.0740740740741
9 0.534176029963 0.774216524217 0.0383895131086 0.0612535612536
9 0.779026217228 0.478632478632 0.0393258426966 0.0712250712251
9 0.550561797753 0.503561253561 0.0374531835206 0.0612535612536
9 0.475187265918 0.378917378917 0.0458801498127 0.0569800569801
9 0.49297752809 0.344017094017 0.0421348314607 0.0555555555556
9 0.703183520599 0.277777777778 0.0411985018727 0.0541310541311
9 0.753277153558 0.220797720798 0.0402621722846 0.048433048433
9 0.806647940075 0.159544159544 0.0514981273408 0.0626780626781
