9 0.924884792627 0.1414427157 0.0341013824885 0.0792079207921
9 0.833179723502 0.41018387553 0.0552995391705 0.0565770862801
9 0.865898617512 0.478783592645 0.0506912442396 0.0551626591231
9 0.734562211982 0.477369165488 0.0442396313364 0.049504950495
9 0.740092165899 0.560820367751 0.0423963133641 0.049504950495
9 0.695391705069 0.590523338048 0.0414746543779 0.046676096181
9 0.590783410138 0.570014144272 0.0479262672811 0.0537482319661
9 0.588479262673 0.662659123055 0.0470046082949 0.0523338048091
9 0.536405529954 0.698727015559 0.0479262672811 0.0537482319661
9 0.28801843318 0.869872701556 0.0488479262673 0.0509193776521
9 0.289400921659 0.778642149929 0.0442396313364 0.0523338048091
9 0.197695852535 0.724186704385 0.0359447004608 0.0792079207921
9 0.161290322581 0.578500707214 0.0294930875576 0.0792079207921
9 0.148387096774 0.399575671853 0.0239631336406 0.0834512022631
9 0.0880184331797 0.180339462518 0.0267281105991 0.0834512022631
