9 0.176800748363 0.550147492625 0.044901777362 0.0589970501475
9 0.16978484565 0.134955752212 0.0495790458372 0.0693215339233
9 0.249766136576 0.237463126844 0.0318054256314 0.0737463126844
9 0.270813844715 0.262536873156 0.0327408793265 0.0737463126844
9 0.461178671656 0.262536873156 0.0561272217025 0.0796460176991
9 0.519644527596 0.503687315634 0.0308699719364 0.0752212389381
9 0.567352666043 0.550147492625 0.0327408793265 0.0737463126844
9 0.586997193639 0.574483775811 0.0289990645463 0.0663716814159
9 0.734798877456 0.699115044248 0.0289990645463 0.0678466076696
9 0.772684752105 0.751474926254 0.0336763330215 0.0752212389381
9 0.910196445276 0.910766961652 0.0280636108513 0.0634218289086
9 0.88868101029 0.200589970501 0.0318054256314 0.0737463126844
9 0.938727782975 0.233038348083 0.0327408793265 0.070796460177
9 0.980355472404 0.279498525074 0.0318054256314 0.0752212389381
