9 0.308155699722 0.844555873926 0.0268767377201 0.0845272206304
9 0.309082483781 0.752865329513 0.0231696014829 0.0730659025788
9 0.575996292864 0.893266475645 0.0546802594995 0.0386819484241
9 0.331788693234 0.595988538682 0.0556070435589 0.0401146131805
9 0.52687673772 0.497134670487 0.0250231696015 0.080229226361
9 0.605653382762 0.489971346705 0.0250231696015 0.0744985673352
9 0.76969416126 0.486389684814 0.0287303058387 0.0873925501433
9 0.796570898981 0.484957020057 0.0287303058387 0.0816618911175
9 0.818813716404 0.480659025788 0.0250231696015 0.0787965616046
9 0.840593141798 0.476361031519 0.0222428174235 0.067335243553
9 0.862372567192 0.472779369628 0.0231696014829 0.0687679083095
9 0.930027803522 0.364613180516 0.0250231696015 0.0644699140401
9 0.803058387396 0.136819484241 0.0342910101946 0.0616045845272
9 0.775254865616 0.127507163324 0.0305838739574 0.0601719197708
9 0.40546802595 0.872492836676 0.047265987025 0.0372492836676
