9 0.769489894129 0.313753581662 0.0490856592878 0.0487106017192
9 0.55437921078 0.366045845272 0.0269489894129 0.0845272206304
9 0.454764196343 0.417621776504 0.0279114533205 0.0759312320917
9 0.462945139557 0.507163323782 0.0327237728585 0.103151862464
9 0.475457170356 0.708452722063 0.0269489894129 0.0787965616046
9 0.253609239654 0.221346704871 0.0567853705486 0.0558739255014
9 0.186717998075 0.441260744986 0.0327237728585 0.0716332378223
9 0.172762271415 0.656160458453 0.0317613089509 0.0744985673352
9 0.129932627526 0.608166189112 0.0327237728585 0.0702005730659
9 0.0774783445621 0.578080229226 0.0336862367661 0.0702005730659
9 0.10250240616 0.12106017192 0.051010587103 0.0444126074499
9 0.0962463907603 0.158309455587 0.046198267565 0.041547277937
9 0.0914340712223 0.202005730659 0.0442733397498 0.0487106017192
9 0.0890279114533 0.247851002865 0.0471607314726 0.0515759312321
