6 0.103464870067 0.898829431438 0.0452358036574 0.0986622073579
6 0.176612127045 0.554347826087 0.0529355149182 0.0685618729097
6 0.36333012512 0.45652173913 0.0529355149182 0.0802675585284
6 0.595765158807 0.152173913043 0.0384985563041 0.0769230769231
6 0.641482194418 0.112040133779 0.0317613089509 0.066889632107
6 0.695380173244 0.121237458194 0.0471607314726 0.0819397993311
6 0.752165543792 0.251672240803 0.0394610202117 0.0518394648829
6 0.725216554379 0.351170568562 0.0548604427334 0.0702341137124
6 0.693936477382 0.460702341137 0.0808469682387 0.0819397993311
6 0.68864292589 0.698160535117 0.060635226179 0.0953177257525
6 0.761308950914 0.814381270903 0.0615976900866 0.0802675585284
6 0.861886429259 0.0635451505017 0.0664100096246 0.0735785953177
