5 0.355567805954 0.183098591549 0.0716648291069 0.0528169014085
5 0.355567805954 0.242077464789 0.0716648291069 0.0475352112676
5 0.354465270121 0.301936619718 0.0694597574421 0.0510563380282
5 0.449283351709 0.180457746479 0.0694597574421 0.0510563380282
5 0.540793825799 0.173415492958 0.0716648291069 0.0475352112676
4 0.336824696803 0.389084507042 0.0738699007718 0.0598591549296
4 0.337375964719 0.448063380282 0.0683572216097 0.0580985915493
4 0.33572216097 0.511443661972 0.0716648291069 0.0580985915493
4 0.336824696803 0.573943661972 0.0716648291069 0.0633802816901
2 0.179162072767 0.409330985915 0.192943770673 0.49823943662
