0 0.0926456542502 0.141068447412 0.043935052531 0.0617696160267
0 0.154727793696 0.507512520868 0.0458452722063 0.180300500835
0 0.251193887297 0.23121869783 0.0343839541547 0.0784641068447
0 0.384431709647 0.0776293823038 0.0372492836676 0.0784641068447
0 0.406399235912 0.247913188648 0.0315186246418 0.0550918196995
0 0.644221585482 0.0884808013356 0.0238777459408 0.0734557595993
0 0.567335243553 0.37979966611 0.0401146131805 0.121869782972
0 0.6370582617 0.27796327212 0.0324737344795 0.105175292154
0 0.669054441261 0.762938230384 0.0888252148997 0.113522537563
0 0.765520534862 0.0651085141903 0.0219675262655 0.0701168614357
0 0.841929321872 0.337228714524 0.0315186246418 0.110183639399
0 0.799904489016 0.756260434057 0.054441260745 0.173622704508
0 0.397325692455 0.904841402337 0.043935052531 0.153589315526
