6 0.290635091496 0.292750929368 0.0775026910657 0.0947955390335
6 0.361679224973 0.313197026022 0.0818083961249 0.131970260223
6 0.523681377826 0.315055762082 0.0807319698601 0.124535315985
6 0.604413347686 0.306691449814 0.0505920344456 0.0966542750929
6 0.685145317546 0.317843866171 0.0807319698601 0.126394052045
6 0.186759956943 0.579925650558 0.0635091496233 0.122676579926
6 0.264800861141 0.582713754647 0.0667384284177 0.124535315985
6 0.342841765339 0.578996282528 0.0699677072121 0.131970260223
6 0.630785791173 0.590148698885 0.0581270182992 0.124535315985
6 0.700215285253 0.594795539033 0.0613562970936 0.126394052045
