0 0.0681265206813 0.844086021505 0.0356853203569 0.0931899641577
0 0.104622871046 0.561827956989 0.0583941605839 0.116487455197
0 0.236415247364 0.637096774194 0.0413625304136 0.094982078853
0 0.298864557989 0.229390681004 0.0381184103812 0.114695340502
0 0.447283049473 0.076164874552 0.0462287104623 0.0627240143369
0 0.541768045418 0.3270609319 0.0373073803731 0.116487455197
0 0.569343065693 0.490143369176 0.0616382806164 0.0913978494624
0 0.440794809408 0.764336917563 0.0673154906732 0.0555555555556
0 0.67396593674 0.136200716846 0.0454176804542 0.0573476702509
0 0.734387672344 0.193548387097 0.0462287104623 0.0537634408602
0 0.76196269262 0.468637992832 0.0494728304947 0.0483870967742
0 0.714922952149 0.821684587814 0.0559610705596 0.120071684588
0 0.829278183293 0.155017921147 0.0397404703974 0.0591397849462
0 0.882806163828 0.305555555556 0.0381184103812 0.0448028673835
0 0.936334144363 0.26164874552 0.0332522303325 0.0681003584229
