0 0.0739583333333 0.0885509838998 0.0729166666667 0.0447227191413
0 0.0838541666667 0.339892665474 0.0677083333333 0.0894454382826
0 0.0192708333333 0.59481216458 0.0302083333333 0.0661896243292
0 0.148958333333 0.6771019678 0.0395833333333 0.112701252236
0 0.395833333333 0.289803220036 0.0854166666667 0.08228980322
0 0.361458333333 0.745080500894 0.0854166666667 0.152057245081
0 0.546875 0.131484794275 0.0520833333333 0.0590339892665
0 0.619791666667 0.559928443649 0.0479166666667 0.153846153846
0 0.605208333333 0.860465116279 0.0458333333333 0.132379248658
0 0.719270833333 0.116279069767 0.0572916666667 0.0966010733453
