0 0.0418310970797 0.252276867031 0.0394632991318 0.0746812386157
0 0.132596685083 0.445355191257 0.0489344909234 0.0673952641166
0 0.288082083662 0.311475409836 0.0505130228887 0.0619307832423
0 0.261641673244 0.715846994536 0.0623520126283 0.0837887067395
0 0.473954222573 0.192167577413 0.0686661404893 0.063752276867
0 0.516179952644 0.783242258652 0.0647198105762 0.0837887067395
0 0.617600631413 0.213114754098 0.0686661404893 0.0655737704918
0 0.717837411208 0.873406193078 0.0655090765588 0.0601092896175
0 0.82320441989 0.135701275046 0.0536700868193 0.0601092896175
0 0.885161799526 0.364298724954 0.060773480663 0.0546448087432
0 0.952644041042 0.847905282332 0.0820836621942 0.063752276867
