0 0.0741962077494 0.245080500894 0.0511129431162 0.0787119856887
0 0.121187139324 0.686940966011 0.0445177246496 0.0787119856887
0 0.565127782358 0.6771019678 0.0321516900247 0.0697674418605
0 0.705276174773 0.118067978533 0.0502885408079 0.0787119856887
0 0.698268755153 0.518783542039 0.0527617477329 0.103756708408
0 0.670651277824 0.838103756708 0.0321516900247 0.0697674418605
0 0.786067600989 0.771019677996 0.0370981038747 0.0787119856887
0 0.901071723001 0.435599284436 0.0560593569662 0.112701252236
0 0.898598516076 0.683363148479 0.0478153338829 0.0894454382826
0 0.94847485573 0.931127012522 0.0321516900247 0.0697674418605
0 0.938994229184 0.0706618962433 0.0362737015664 0.0769230769231
0 0.558944765045 0.959749552773 0.0445177246496 0.0697674418605
