8 0.17539964476 0.568262411348 0.13055062167 0.186170212766
8 0.13188277087 0.698581560284 0.137655417407 0.18085106383
8 0.452930728242 0.169326241135 0.0746003552398 0.136524822695
8 0.553285968028 0.170212765957 0.0586145648313 0.156028368794
8 0.646536412078 0.162234042553 0.0586145648313 0.16134751773
8 0.724245115453 0.144503546099 0.0666074600355 0.16134751773
8 0.796181172291 0.131205673759 0.063055062167 0.152482269504
8 0.849023090586 0.110815602837 0.0479573712256 0.168439716312
8 0.766873889876 0.578014184397 0.0577264653641 0.205673758865
8 0.879662522202 0.473404255319 0.095026642984 0.0886524822695
8 0.883214920071 0.618794326241 0.134103019538 0.0886524822695
