6 0.5 0.183123877917 0.0628115653041 0.118491921005
6 0.582253240279 0.245960502693 0.0658025922233 0.122082585278
6 0.659022931206 0.345601436266 0.0677966101695 0.131059245961
6 0.736789631107 0.440754039497 0.0697906281157 0.141831238779
6 0.83000997009 0.499102333932 0.0767696909272 0.13644524237
6 0.229312063809 0.588868940754 0.0757726819541 0.0933572710952
6 0.168494516451 0.737881508079 0.0857427716849 0.118491921005
6 0.0992023928215 0.880610412926 0.0827517447657 0.123877917415
0 0.501994017946 0.748653500898 0.0289132602193 0.0502692998205
0 0.50149551346 0.809694793537 0.0299102691924 0.0502692998205
