0 0.0712900096993 0.0567092651757 0.0882638215325 0.0654952076677
0 0.0678952473327 0.128594249201 0.0601357904947 0.055910543131
0 0.15518913676 0.0950479233227 0.0717749757517 0.0495207667732
0 0.226964112512 0.13178913738 0.0756547041707 0.0591054313099
0 0.290979631426 0.26517571885 0.0989330746848 0.0830670926518
0 0.409796314258 0.373801916933 0.0921435499515 0.102236421725
0 0.526188166828 0.365015974441 0.074684772066 0.0846645367412
0 0.644519883608 0.48482428115 0.111542192047 0.126198083067
0 0.779340446169 0.643769968051 0.113482056256 0.153354632588
0 0.743452958293 0.773162939297 0.094083414161 0.172523961661
