8 0.174264007597 0.110215053763 0.0978157644824 0.0448028673835
8 0.177113010446 0.187275985663 0.0959164292498 0.0627240143369
8 0.174264007597 0.290322580645 0.0959164292498 0.0716845878136
8 0.17094017094 0.420250896057 0.102564102564 0.0770609318996
8 0.160018993352 0.570788530466 0.109211775878 0.094982078853
8 0.141500474834 0.760752688172 0.0968660968661 0.141577060932
8 0.374169040836 0.101254480287 0.0550807217474 0.112903225806
8 0.443969610636 0.109318996416 0.0503323836657 0.143369175627
8 0.420227920228 0.251792114695 0.0997150997151 0.073476702509
8 0.821462488129 0.577956989247 0.0683760683761 0.073476702509
8 0.828110161443 0.692652329749 0.0930674264008 0.0770609318996
8 0.84710351377 0.827956989247 0.106362773029 0.10394265233
