8 0.126968503937 0.522471910112 0.125984251969 0.16532905297
8 0.21407480315 0.443820224719 0.10531496063 0.16532905297
8 0.294291338583 0.361155698234 0.0964566929134 0.166934189406
8 0.366141732283 0.290529695024 0.0846456692913 0.131621187801
8 0.46062992126 0.15569823435 0.0787401574803 0.22150882825
8 0.537401574803 0.16532905297 0.0649606299213 0.22150882825
8 0.598917322835 0.167736757624 0.0620078740157 0.210272873194
8 0.656496062992 0.170144462279 0.0531496062992 0.202247191011
8 0.707677165354 0.168539325843 0.0452755905512 0.208667736758
8 0.755413385827 0.176565008026 0.0383858267717 0.211878009631
8 0.800196850394 0.175762439807 0.0393700787402 0.219903691814
8 0.843011811024 0.177367576244 0.0423228346457 0.22632423756
8 0.742125984252 0.342696629213 0.161417322835 0.0593900481541
8 0.79281496063 0.414125200642 0.258858267717 0.083467094703
8 0.790354330709 0.499197431782 0.257874015748 0.0866773675762
8 0.797244094488 0.593900481541 0.265748031496 0.083467094703
8 0.79625984252 0.702247191011 0.279527559055 0.104333868379
8 0.799704724409 0.819422150883 0.294291338583 0.101123595506
