8 0.18771331058 0.425925925926 0.0665529010239 0.100529100529
8 0.148037542662 0.529100529101 0.101535836177 0.0811287477954
8 0.263225255973 0.461199294533 0.0725255972696 0.220458553792
8 0.351535836177 0.478835978836 0.0733788395904 0.238095238095
8 0.176194539249 0.647266313933 0.198805460751 0.10582010582
8 0.441126279863 0.485890652557 0.0511945392491 0.195767195767
8 0.508105802048 0.532627865961 0.0537542662116 0.243386243386
8 0.463310580205 0.716049382716 0.167235494881 0.123456790123
8 0.582337883959 0.542328042328 0.0503412969283 0.343915343915
8 0.836604095563 0.256613756614 0.133959044369 0.231040564374
8 0.762798634812 0.452380952381 0.165529010239 0.343915343915
8 0.893344709898 0.503527336861 0.151877133106 0.266313932981
