6 0.127403846154 0.687817258883 0.0586538461538 0.0896785109983
6 0.118269230769 0.924703891709 0.0692307692308 0.093062605753
6 0.211538461538 0.699661590525 0.0615384615385 0.103214890017
6 0.3 0.679357021997 0.0538461538462 0.0998307952623
6 0.218269230769 0.420473773266 0.0480769230769 0.0862944162437
6 0.296153846154 0.339255499154 0.0557692307692 0.093062605753
6 0.402884615385 0.179357021997 0.0480769230769 0.0744500846024
6 0.60625 0.0769881556684 0.0625 0.0795262267343
6 0.595673076923 0.281725888325 0.0663461538462 0.093062605753
6 0.693269230769 0.343485617597 0.0461538461538 0.087986463621
6 0.793269230769 0.318104906937 0.0557692307692 0.0947546531303
6 0.73125 0.646362098139 0.0644230769231 0.111675126904
6 0.932211538462 0.439932318105 0.0586538461538 0.0913705583756
6 0.912019230769 0.559221658206 0.0663461538462 0.0896785109983
