2 0.529270633397 0.450998185118 0.361804222649 0.277676950998
7 0.524952015355 0.110707803993 0.0748560460653 0.116152450091
7 0.695777351248 0.0907441016334 0.0940499040307 0.134301270417
7 0.933781190019 0.570780399274 0.0748560460653 0.128856624319
7 0.25527831094 0.390199637024 0.0614203454894 0.105263157895
7 0.158349328215 0.752268602541 0.101727447217 0.168784029038
5 0.739443378119 0.390199637024 0.0566218809981 0.0508166969147
5 0.74472168906 0.431034482759 0.0537428023033 0.049001814882
5 0.752399232246 0.47277676951 0.0556621880998 0.059891107078
5 0.760556621881 0.519056261343 0.0566218809981 0.05444646098
