5 0.345659163987 0.21144278607 0.0439442658092 0.111111111111
5 0.395498392283 0.213930348259 0.042872454448 0.106135986733
5 0.444265809218 0.216417910448 0.0418006430868 0.107794361526
5 0.494640943194 0.22056384743 0.0460878885316 0.112769485904
5 0.38370846731 0.37728026534 0.0450160771704 0.121061359867
5 0.435691318328 0.378109452736 0.0460878885316 0.119402985075
5 0.488745980707 0.383084577114 0.0471596998928 0.12271973466
5 0.540192926045 0.384742951907 0.0450160771704 0.12271973466
5 0.590032154341 0.389718076285 0.048231511254 0.126036484245
5 0.409967845659 0.56135986733 0.0503751339764 0.131011608624
5 0.460878885316 0.565505804312 0.0493033226152 0.132669983416
5 0.507502679528 0.567164179104 0.0503751339764 0.132669983416
4 0.610396570204 0.532338308458 0.116827438371 0.0995024875622
