6 0.207754906654 0.368641699273 0.0449976065103 0.0653996646171
6 0.246529439923 0.318613750699 0.0421254188607 0.0614868641699
6 0.326711345141 0.353549468977 0.0416467209191 0.0564561207378
6 0.36835806606 0.302683063164 0.0454763044519 0.0586920067077
6 0.578027764481 0.318054779206 0.0445189085687 0.060368921185
6 0.726184777405 0.252375628843 0.0459550023935 0.0653996646171
6 0.812589755864 0.263834544438 0.0876017233126 0.11626607043
6 0.917663954045 0.235326998323 0.0794638583054 0.106204583566
6 0.876974629009 0.631637786473 0.0459550023935 0.0648406931247
6 0.728338918143 0.694242593628 0.0483484921015 0.0648406931247
6 0.617041646721 0.711291224148 0.0507419818095 0.0687534935718
6 0.543561512685 0.676914477362 0.0464337003351 0.0637227501397
6 0.409526089038 0.695360536613 0.0397319291527 0.0558971492454
6 0.252991862135 0.762437115707 0.0464337003351 0.0670765790945
6 0.292963140258 0.71185019564 0.0459550023935 0.0598099496926
6 0.366682623265 0.749021799888 0.0488271900431 0.0737842370039
