6 0.258035714286 0.495256166983 0.0767857142857 0.0664136622391
6 0.24375 0.430740037951 0.0660714285714 0.0588235294118
6 0.229464285714 0.365275142315 0.0625 0.0607210626186
6 0.229910714286 0.298861480076 0.0723214285714 0.0645161290323
6 0.216964285714 0.234819734345 0.0589285714286 0.0559772296015
6 0.207589285714 0.165559772296 0.0598214285714 0.0540796963947
6 0.409375 0.48055028463 0.0741071428571 0.0673624288425
6 0.400892857143 0.413662239089 0.0732142857143 0.0683111954459
6 0.393303571429 0.345351043643 0.0723214285714 0.0626185958254
6 0.372767857143 0.215370018975 0.0758928571429 0.0664136622391
6 0.364285714286 0.149430740038 0.075 0.0654648956357
