6 0.104766633565 0.310655147588 0.100297914598 0.0655147588193
6 0.344587884806 0.443484521238 0.0993048659384 0.0619150467963
6 0.43545183714 0.609791216703 0.100297914598 0.0590352771778
6 0.498510427011 0.694024478042 0.0973187686197 0.0662347012239
6 0.552135054618 0.771778257739 0.0933465739821 0.0590352771778
6 0.634558093347 0.871490280778 0.131082423039 0.124550035997
6 0.882820258193 0.740460763139 0.0973187686197 0.0683945284377
6 0.850049652433 0.627789776818 0.156901688183 0.0950323974082
6 0.787487586892 0.517638588913 0.158887785501 0.0993520518359
6 0.739821251241 0.420806335493 0.103277060576 0.0525557955364
