2 0.622733160622 0.589928057554 0.251943005181 0.23381294964
6 0.261658031088 0.236061151079 0.0310880829016 0.0494604316547
6 0.309585492228 0.180755395683 0.0492227979275 0.089928057554
6 0.262953367876 0.293615107914 0.0518134715026 0.0836330935252
6 0.297279792746 0.290917266187 0.0466321243523 0.0674460431655
6 0.330634715026 0.323741007194 0.0485751295337 0.068345323741
6 0.37079015544 0.336330935252 0.0408031088083 0.0503597122302
6 0.412888601036 0.354316546763 0.0433937823834 0.0539568345324
6 0.455958549223 0.365557553957 0.0427461139896 0.0512589928058
6 0.487694300518 0.368705035971 0.0479274611399 0.0503597122302
4 0.477331606218 0.479316546763 0.0466321243523 0.044964028777
4 0.470531088083 0.515737410072 0.044689119171 0.0440647482014
4 0.464702072539 0.552607913669 0.044689119171 0.0440647482014
4 0.45725388601 0.589028776978 0.0453367875648 0.044964028777
