6 0.575854700855 0.672202797203 0.215811965812 0.18006993007
6 0.633012820513 0.498688811189 0.176282051282 0.170454545455
6 0.661858974359 0.375 0.195512820513 0.157342657343
6 0.147435897436 0.350087412587 0.0512820512821 0.0515734265734
6 0.315705128205 0.393793706294 0.0459401709402 0.0568181818182
6 0.317841880342 0.341346153846 0.0416666666667 0.0498251748252
6 0.34188034188 0.315559440559 0.0512820512821 0.0594405594406
6 0.344551282051 0.263548951049 0.0502136752137 0.0568181818182
6 0.315170940171 0.234702797203 0.0448717948718 0.0480769230769
6 0.745726495726 0.0812937062937 0.0512820512821 0.0611888111888
