6 0.172576832151 0.566037735849 0.108747044917 0.150943396226
6 0.206855791962 0.404088050314 0.0921985815603 0.122641509434
6 0.301418439716 0.566037735849 0.115839243499 0.163522012579
6 0.394799054374 0.740566037736 0.113475177305 0.172955974843
6 0.483451536643 0.231132075472 0.111111111111 0.154088050314
6 0.593380614657 0.393081761006 0.113475177305 0.163522012579
6 0.72695035461 0.38679245283 0.115839243499 0.157232704403
6 0.689125295508 0.564465408805 0.139479905437 0.179245283019
6 0.823877068558 0.548742138365 0.120567375887 0.172955974843
6 0.924349881797 0.720125786164 0.113475177305 0.157232704403
6 0.89598108747 0.88679245283 0.127659574468 0.176100628931
