11 0.445349626612 0.0774611398964 0.187372708758 0.135233160622
11 0.650033944331 0.182383419689 0.164969450102 0.130569948187
11 0.833333333333 0.285751295337 0.136456211813 0.10725388601
11 0.653088934148 0.764248704663 0.207739307536 0.174093264249
11 0.484046164291 0.653886010363 0.175152749491 0.152331606218
10 0.513577732519 0.922797927461 0.197556008147 0.146113989637
10 0.133740665309 0.70829015544 0.195519348269 0.152331606218
11 0.235573659199 0.284974093264 0.191446028513 0.146113989637
11 0.0899524779362 0.44378238342 0.156822810591 0.127979274611
10 0.287508486083 0.553367875648 0.217922606925 0.160621761658
11 0.331296673456 0.824093264249 0.179226069246 0.132124352332
