6 0.229755178908 0.836170212766 0.0866290018832 0.0851063829787
6 0.320150659134 0.777659574468 0.0941619585687 0.0829787234043
6 0.413370998117 0.693617021277 0.0922787193974 0.0893617021277
6 0.510357815443 0.628723404255 0.0790960451977 0.0787234042553
6 0.588512241055 0.568085106383 0.0772128060264 0.0893617021277
6 0.659133709981 0.51170212766 0.0866290018832 0.0787234042553
6 0.730696798493 0.425531914894 0.0866290018832 0.0808510638298
6 0.813559322034 0.367021276596 0.075329566855 0.0829787234043
6 0.503766478343 0.881914893617 0.0922787193974 0.0829787234043
6 0.590395480226 0.814893617021 0.0847457627119 0.0808510638298
6 0.573446327684 0.9 0.0885122410546 0.0808510638298
6 0.658192090395 0.839361702128 0.0885122410546 0.0872340425532
6 0.747645951036 0.772340425532 0.0866290018832 0.0808510638298
6 0.75988700565 0.702127659574 0.0847457627119 0.0765957446809
6 0.835216572505 0.643617021277 0.0847457627119 0.0829787234043
6 0.893596986817 0.665957446809 0.0772128060264 0.0808510638298
6 0.915254237288 0.931914893617 0.10922787194 0.0978723404255
