10 0.338753387534 0.410256410256 0.353658536585 0.483516483516
10 0.755420054201 0.480311355311 0.329268292683 0.436813186813
12 0.909891598916 0.296245421245 0.0636856368564 0.259157509158
12 0.866531165312 0.276098901099 0.0677506775068 0.292124542125
12 0.818428184282 0.321886446886 0.0433604336043 0.222527472527
12 0.598238482385 0.194139194139 0.0514905149051 0.21978021978
12 0.6222899729 0.638278388278 0.159214092141 0.0677655677656
12 0.469512195122 0.692307692308 0.136856368564 0.0934065934066
12 0.454945799458 0.779304029304 0.114498644986 0.0586080586081
12 0.592818428184 0.701007326007 0.0718157181572 0.0430402930403
