12 0.264105058366 0.759615384615 0.224708171206 0.17474916388
12 0.22859922179 0.667642140468 0.227626459144 0.17474916388
12 0.192607003891 0.583612040134 0.221789883268 0.177257525084
12 0.168774319066 0.506688963211 0.20719844358 0.140468227425
12 0.781128404669 0.739548494983 0.24513618677 0.0978260869565
12 0.737840466926 0.661371237458 0.232490272374 0.117056856187
12 0.698929961089 0.576923076923 0.216926070039 0.110367892977
12 0.652723735409 0.497491638796 0.20233463035 0.103678929766
12 0.608949416342 0.415551839465 0.18093385214 0.100334448161
12 0.70233463035 0.886705685619 0.091439688716 0.163043478261
