10 0.75 0.448142414861 0.383211678832 0.303405572755
10 0.594890510949 0.203560371517 0.412408759124 0.30959752322
11 0.14598540146 0.527089783282 0.266423357664 0.260061919505
11 0.189781021898 0.794117647059 0.346715328467 0.283281733746
11 0.835766423358 0.732198142415 0.321167883212 0.267801857585
12 0.161952554745 0.796826625387 0.0775547445255 0.366099071207
12 0.382299270073 0.768188854489 0.173357664234 0.0394736842105
12 0.728558394161 0.727941176471 0.135948905109 0.0410216718266
12 0.407390510949 0.254256965944 0.214416058394 0.0518575851393
12 0.112682481752 0.245356037152 0.143248175182 0.0417956656347
12 0.112226277372 0.292182662539 0.217153284672 0.047213622291
12 0.912408759124 0.142027863777 0.169708029197 0.0456656346749
12 0.372718978102 0.211687306502 0.258211678832 0.0565015479876
