11 0.446614583333 0.533108108108 0.32421875 0.335135135135
11 0.729817708333 0.433783783784 0.34375 0.355405405405
12 0.0455729166667 0.586486486486 0.07421875 0.109459459459
12 0.132486979167 0.742905405405 0.064453125 0.0885135135135
12 0.223958333333 0.921283783784 0.0872395833333 0.142567567568
12 0.8642578125 0.763851351351 0.111328125 0.268243243243
12 0.732096354167 0.393918918919 0.104817708333 0.227027027027
12 0.6240234375 0.107094594595 0.0930989583333 0.211486486486
12 0.789713541667 0.0820945945946 0.106770833333 0.146621621622
12 0.938151041667 0.135135135135 0.0859375 0.191891891892
12 0.96484375 0.337162162162 0.0690104166667 0.15
