12 0.175911854103 0.37866568915 0.0691489361702 0.188416422287
12 0.257218844985 0.524560117302 0.0737082066869 0.233870967742
12 0.329787234043 0.406891495601 0.158054711246 0.058651026393
12 0.285714285714 0.362903225806 0.0957446808511 0.0410557184751
12 0.59688449848 0.659090909091 0.186170212766 0.058651026393
12 0.549392097264 0.799120234604 0.0683890577508 0.196480938416
12 0.618541033435 0.900293255132 0.109422492401 0.0439882697947
12 0.771276595745 0.870234604106 0.183890577508 0.0527859237537
12 0.932750759878 0.83724340176 0.0995440729483 0.0410557184751
12 0.939969604863 0.722507331378 0.0516717325228 0.113636363636
