12 0.194207836457 0.489316239316 0.206132879046 0.135327635328
12 0.247870528109 0.546296296296 0.192504258944 0.136752136752
12 0.148211243612 0.439814814815 0.189097103918 0.130341880342
12 0.369676320273 0.210113960114 0.231686541738 0.146723646724
12 0.307921635434 0.699786324786 0.283645655877 0.178774928775
12 0.462947189097 0.779558404558 0.232538330494 0.167378917379
12 0.302810902896 0.908475783476 0.120102214651 0.0762108262108
12 0.278534923339 0.85754985755 0.107325383305 0.0712250712251
12 0.883730834753 0.832264957265 0.14395229983 0.113247863248
12 0.627768313458 0.230056980057 0.163543441227 0.173789173789
12 0.556218057922 0.553418803419 0.12265758092 0.0826210826211
12 0.738500851789 0.442307692308 0.231686541738 0.148148148148
12 0.81132879046 0.128205128205 0.137137989779 0.136752136752
