12 0.644675150703 0.939054726368 0.216342933691 0.119900497512
12 0.849296718017 0.801990049751 0.0843938379102 0.044776119403
12 0.954119223041 0.581592039801 0.0877427997321 0.0437810945274
12 0.802411252512 0.247014925373 0.129939718687 0.100995024876
12 0.485264567984 0.0654228855721 0.1748158071 0.129850746269
12 0.229738780978 0.110199004975 0.0723375753516 0.055223880597
12 0.0743469524447 0.438805970149 0.139316811788 0.108457711443
12 0.0251172136638 0.55671641791 0.0475552578701 0.0358208955224
12 0.60281312793 0.405970149254 0.178164768922 0.158208955224
10 0.475552578701 0.850497512438 0.341594105827 0.240298507463
10 0.616208975218 0.684825870647 0.305425318151 0.20447761194
10 0.757870060281 0.506467661692 0.355659745479 0.25671641791
10 0.48158070998 0.280348258706 0.28533154722 0.207462686567
10 0.308774279973 0.474378109453 0.309444072338 0.225373134328
11 0.181178834561 0.646766169154 0.271265907569 0.197014925373
