12 0.0743734842361 0.23381294964 0.118027485853 0.029431000654
12 0.229587712207 0.218443427077 0.163298302344 0.0353172007848
12 0.382376717866 0.205035971223 0.10670978173 0.026814911707
12 0.286984640259 0.175604970569 0.341147938561 0.0477436232832
12 0.257073565077 0.469914977109 0.270008084074 0.0490516677567
12 0.896928051738 0.75408763898 0.0687146321746 0.121648136037
12 0.744947453517 0.883257030739 0.330638641876 0.0634401569653
12 0.396119644301 0.793328973185 0.0468876313662 0.116415958143
12 0.369442198868 0.938848920863 0.0436540016168 0.114453891432
10 0.417138237672 0.695225637672 0.357316087308 0.29038587312
10 0.461600646726 0.463047743623 0.400970088925 0.315238718116
10 0.49393694422 0.177894048398 0.413904607922 0.307390451275
