12 0.919317300233 0.902093180284 0.0915438324282 0.172856178258
12 0.765709852599 0.756920999325 0.136539953452 0.0297096556381
12 0.769588828549 0.640108035111 0.102404965089 0.0391627278866
12 0.903801396431 0.611748818366 0.166020170675 0.0513166779203
10 0.452288595811 0.799797434166 0.361520558573 0.30452397029
10 0.270752521334 0.311276164754 0.33048875097 0.288993923025
12 0.0865011636928 0.434503713707 0.10783553142 0.100607697502
12 0.339410395656 0.557393652937 0.0845616757176 0.178933153275
12 0.290923196276 0.614787305874 0.121024049651 0.124915597569
11 0.370054305663 0.55773126266 0.299456943367 0.276839972991
