8 0.369744744745 0.159336099585 0.545795795796 0.280497925311
8 0.53490990991 0.363485477178 0.728978978979 0.346887966805
8 0.600975975976 0.613278008299 0.734984984985 0.348547717842
8 0.618243243243 0.852697095436 0.616366366366 0.286307053942
8 0.287537537538 0.842323651452 0.0720720720721 0.132780082988
8 0.227477477477 0.602489626556 0.0780780780781 0.147717842324
8 0.165165165165 0.36846473029 0.0705705705706 0.127800829876
12 0.0506756756757 0.175518672199 0.0608108108108 0.14356846473
12 0.0476726726727 0.463900414938 0.0848348348348 0.0497925311203
12 0.196321321321 0.724066390041 0.135885885886 0.422406639004
12 0.100225225225 0.692531120332 0.153903903904 0.339419087137
