12 0.360992301112 0.928571428571 0.287425149701 0.125244618395
12 0.150556030796 0.670743639922 0.147134302823 0.42759295499
12 0.30624465355 0.850293542074 0.119760479042 0.105675146771
12 0.27373823781 0.755381604697 0.102651839179 0.0939334637965
12 0.239093242087 0.669765166341 0.0778443113772 0.0772994129159
12 0.392643284859 0.388943248532 0.123182207015 0.400195694716
12 0.322925577417 0.348825831703 0.098374679213 0.286692759295
12 0.609495295124 0.632093933464 0.137724550898 0.105675146771
12 0.666381522669 0.263698630137 0.0804106073567 0.218199608611
12 0.719418306245 0.525929549902 0.131736526946 0.286692759295
12 0.839606501283 0.302837573386 0.0966638152267 0.288649706458
12 0.894354148845 0.271526418787 0.0881094952951 0.235812133072
