12 0.165399239544 0.605445544554 0.155893536122 0.276237623762
12 0.279467680608 0.534653465347 0.074144486692 0.106930693069
12 0.339353612167 0.605445544554 0.0912547528517 0.1
12 0.422053231939 0.657920792079 0.0817490494297 0.0940594059406
12 0.594581749049 0.750495049505 0.0903041825095 0.10495049505
12 0.684410646388 0.803465346535 0.102661596958 0.107920792079
12 0.76283269962 0.864356435644 0.0884030418251 0.138613861386
12 0.507604562738 0.70297029703 0.0855513307985 0.10099009901
12 0.91825095057 0.532673267327 0.138783269962 0.10297029703
12 0.54752851711 0.439108910891 0.110266159696 0.163366336634
12 0.781844106464 0.613366336634 0.158745247148 0.175247524752
12 0.351235741445 0.274257425743 0.173954372624 0.19603960396
12 0.249524714829 0.271287128713 0.0960076045627 0.130693069307
12 0.355513307985 0.0990099009901 0.133079847909 0.192079207921
10 0.23716730038 0.372772277228 0.329847908745 0.327722772277
11 0.476711026616 0.194059405941 0.320342205323 0.30495049505
