12 0.892541087231 0.161594963274 0.101137800253 0.218258132214
12 0.811630847029 0.210912906611 0.136536030341 0.195173137461
12 0.688369152971 0.227177334732 0.155499367889 0.236096537251
12 0.553729456384 0.39296956978 0.113780025284 0.231899265477
12 0.510113780025 0.533578174187 0.122629582807 0.187827911857
12 0.431099873578 0.57555089192 0.131479140329 0.206715634837
12 0.205436156764 0.307450157398 0.312262958281 0.11962224554
12 0.166877370417 0.188352570829 0.242730720607 0.0703043022036
12 0.659292035398 0.697796432319 0.0847029077118 0.232948583421
12 0.694058154235 0.569779643232 0.113780025284 0.279118572928
12 0.800884955752 0.758656873033 0.193426042984 0.0797481636936
