12 0.364855072464 0.854953670706 0.045652173913 0.287241625089
12 0.499275362319 0.7017106201 0.236231884058 0.0392017106201
12 0.619565217391 0.814326443336 0.0333333333333 0.19743406985
12 0.556884057971 0.890947968639 0.0601449275362 0.205274411974
12 0.488043478261 0.888809693514 0.0615942028986 0.208125445474
12 0.422101449275 0.882751247327 0.0615942028986 0.204561653599
11 0.301811594203 0.646471846044 0.322463768116 0.31789023521
11 0.294927536232 0.308980755524 0.263768115942 0.244476122594
11 0.776086956522 0.230577334284 0.23768115942 0.221667854597
11 0.754710144928 0.654668567356 0.219565217391 0.214540270848
11 0.644565217391 0.65680684248 0.216666666667 0.213114754098
