12 0.228515625 0.154332129964 0.3671875 0.102888086643
12 0.271484375 0.0776173285199 0.2578125 0.086642599278
12 0.29638671875 0.451714801444 0.4228515625 0.120036101083
12 0.2958984375 0.51940433213 0.37109375 0.10559566787
12 0.34716796875 0.573104693141 0.3876953125 0.117328519856
12 0.392578125 0.677797833935 0.337890625 0.0956678700361
12 0.39794921875 0.833483754513 0.0771484375 0.166967509025
12 0.498046875 0.848826714801 0.14453125 0.271660649819
12 0.5869140625 0.851534296029 0.09765625 0.240974729242
12 0.62646484375 0.675090252708 0.0673828125 0.102888086643
12 0.67041015625 0.881317689531 0.0654296875 0.118231046931
12 0.77197265625 0.8190433213 0.1845703125 0.0694945848375
12 0.8564453125 0.878610108303 0.232421875 0.0731046931408
10 0.5732421875 0.549187725632 0.283203125 0.253610108303
11 0.861328125 0.483303249097 0.25 0.240974729242
