12 0.371374527112 0.0928927680798 0.379571248424 0.173316708229
12 0.307061790668 0.232543640898 0.21815889029 0.115960099751
12 0.286254728878 0.352244389027 0.206809583859 0.100997506234
12 0.235813366961 0.466957605985 0.174022698613 0.105985037406
12 0.186633039092 0.586658354115 0.136191677175 0.0935162094763
12 0.350567465322 0.812344139651 0.277427490542 0.133416458853
12 0.390290037831 0.690773067332 0.220680958386 0.129675810474
12 0.427490542245 0.576059850374 0.19419924338 0.0972568578554
12 0.465952080706 0.467581047382 0.162673392182 0.0922693266833
12 0.11790668348 0.468827930175 0.145018915511 0.558603491272
