12 0.246212121212 0.11970074813 0.168181818182 0.197007481297
12 0.351515151515 0.206359102244 0.166666666667 0.195760598504
12 0.500757575758 0.25 0.189393939394 0.188279301746
12 0.636363636364 0.309226932668 0.163636363636 0.149625935162
12 0.790909090909 0.354114713217 0.142424242424 0.122194513716
12 0.922727272727 0.425810473815 0.127272727273 0.158354114713
12 0.858333333333 0.702618453865 0.195454545455 0.288029925187
12 0.431060606061 0.832294264339 0.531818181818 0.215710723192
12 0.199242424242 0.529925187032 0.289393939394 0.43391521197
12 0.35 0.502493765586 0.136363636364 0.13216957606
12 0.587121212121 0.445137157107 0.404545454545 0.142144638404
