12 0.799651567944 0.068524970964 0.198606271777 0.11149825784
12 0.595238095238 0.152729384437 0.114982578397 0.0569105691057
12 0.50406504065 0.0569105691057 0.0580720092915 0.102206736353
12 0.382113821138 0.135307781649 0.199767711963 0.0708478513357
12 0.364692218351 0.228222996516 0.192799070848 0.0731707317073
12 0.250290360046 0.585365853659 0.303135888502 0.104529616725
12 0.746806039489 0.591753774681 0.299651567944 0.119628339141
12 0.82462253194 0.660278745645 0.176538908246 0.0522648083624
12 0.756097560976 0.863530778165 0.278745644599 0.0708478513357
10 0.513356562137 0.552264808362 0.376306620209 0.365853658537
