4 0.229591836735 0.883333333333 0.18804664723 0.117283950617
4 0.296647230321 0.806790123457 0.161807580175 0.102469135802
4 0.350583090379 0.723456790123 0.155976676385 0.113580246914
4 0.413265306122 0.647530864198 0.17055393586 0.117283950617
4 0.471574344023 0.567901234568 0.16472303207 0.116049382716
4 0.524781341108 0.492592592593 0.154518950437 0.111111111111
4 0.58527696793 0.411111111111 0.155976676385 0.111111111111
4 0.64139941691 0.338888888889 0.183673469388 0.114814814815
4 0.687317784257 0.26049382716 0.179300291545 0.106172839506
4 0.751457725948 0.184567901235 0.167638483965 0.104938271605
