1 0.672449832776 0.601744186047 0.553511705686 0.590697674419
1 0.282817725753 0.332558139535 0.503344481605 0.533720930233
4 0.419732441472 0.802180232558 0.0213210702341 0.0165697674419
4 0.430602006689 0.795639534884 0.0225752508361 0.0165697674419
4 0.402278428094 0.788735465116 0.0223662207358 0.0170058139535
4 0.414088628763 0.782776162791 0.0200668896321 0.0161337209302
4 0.386392140468 0.775872093023 0.0206939799331 0.0142441860465
4 0.397575250836 0.769840116279 0.0204849498328 0.0158430232558
4 0.36893812709 0.762718023256 0.0217391304348 0.015261627907
4 0.379389632107 0.756540697674 0.0225752508361 0.0148255813953
4 0.34970735786 0.747238372093 0.0221571906355 0.0168604651163
4 0.360158862876 0.741424418605 0.0221571906355 0.0148255813953
