2 0.674471299094 0.6767578125 0.496978851964 0.359375
4 0.292296072508 0.8740234375 0.101208459215 0.08203125
4 0.291918429003 0.79443359375 0.101963746224 0.0771484375
4 0.289652567976 0.716796875 0.0959214501511 0.068359375
4 0.288141993958 0.6396484375 0.0989425981873 0.072265625
4 0.287764350453 0.55908203125 0.0996978851964 0.0634765625
4 0.134063444109 0.81494140625 0.0777945619335 0.0556640625
4 0.131797583082 0.74072265625 0.0793051359517 0.0576171875
4 0.126510574018 0.50146484375 0.0929003021148 0.0712890625
4 0.124622356495 0.42041015625 0.0966767371601 0.0751953125
4 0.125377643505 0.3408203125 0.102719033233 0.0703125
4 0.283987915408 0.39892578125 0.0891238670695 0.0732421875
4 0.284743202417 0.3203125 0.0906344410876 0.06640625
4 0.282099697885 0.244140625 0.0898791540785 0.0703125
4 0.279456193353 0.16748046875 0.0921450151057 0.0615234375
