6 0.920756416029 0.883096640111 0.120666366502 0.0945618288881
6 0.783881134624 0.75060616557 0.0702386312472 0.0540353307932
6 0.644304367402 0.636300658123 0.115263394867 0.0914444059577
6 0.507429085997 0.508139937652 0.0756416028816 0.0595774160028
6 0.421882035119 0.429857984067 0.0702386312472 0.0609629373052
6 0.312021611887 0.331485971597 0.0738406123368 0.0609629373052
6 0.161638901396 0.204710772428 0.108059432688 0.0789747142362
6 0.0436740207114 0.0964669206789 0.0666366501576 0.0571527537236
6 0.151733453399 0.58850017319 0.127870328681 0.0872878420506
6 0.217469608285 0.708347765847 0.0936515083296 0.0637339799099
