4 0.176859504132 0.861445783133 0.204958677686 0.089156626506
4 0.379338842975 0.860843373494 0.18347107438 0.0855421686747
4 0.628099173554 0.859638554217 0.228099173554 0.0879518072289
4 0.862809917355 0.862048192771 0.221487603306 0.0831325301205
4 0.173553719008 0.771686746988 0.198347107438 0.0759036144578
4 0.38347107438 0.771084337349 0.181818181818 0.0795180722892
4 0.628925619835 0.771084337349 0.236363636364 0.0771084337349
4 0.864462809917 0.774698795181 0.211570247934 0.0795180722892
4 0.181818181818 0.686746987952 0.198347107438 0.0771084337349
4 0.385123966942 0.686144578313 0.19173553719 0.078313253012
4 0.634710743802 0.684337349398 0.231404958678 0.0795180722892
4 0.861983471074 0.687951807229 0.209917355372 0.0819277108434
4 0.178512396694 0.6 0.198347107438 0.0771084337349
4 0.381818181818 0.601204819277 0.185123966942 0.0771084337349
4 0.631404958678 0.599397590361 0.221487603306 0.078313253012
4 0.861983471074 0.598795180723 0.209917355372 0.0771084337349
4 0.180165289256 0.511445783133 0.198347107438 0.0855421686747
4 0.637190082645 0.507831325301 0.21652892562 0.0807228915663
