2 0.420615128845 0.715879265092 0.618453865337 0.523622047244
4 0.309226932668 0.362204724409 0.109725685786 0.0944881889764
4 0.309226932668 0.274278215223 0.109725685786 0.0866141732283
4 0.310889443059 0.192913385827 0.113050706567 0.0761154855643
4 0.307564422278 0.10498687664 0.113050706567 0.0944881889764
4 0.413133832086 0.363517060367 0.104738154613 0.0866141732283
4 0.414796342477 0.278215223097 0.101413133832 0.0944881889764
4 0.413965087282 0.186351706037 0.103075644223 0.0839895013123
4 0.413133832086 0.101049868766 0.0980881130507 0.0971128608924
4 0.512884455528 0.364829396325 0.108063175395 0.0997375328084
4 0.515378221114 0.275590551181 0.106400665004 0.0997375328084
4 0.519534497091 0.187664041995 0.104738154613 0.0866141732283
4 0.515378221114 0.102362204724 0.109725685786 0.0839895013123
