2 0.57325029656 0.49604622871 0.432384341637 0.253649635036
4 0.221826809015 0.935523114355 0.0771055753262 0.0474452554745
4 0.291814946619 0.938564476886 0.0747330960854 0.0413625304136
4 0.22153024911 0.894768856448 0.076512455516 0.0413625304136
4 0.293890865955 0.896897810219 0.0717674970344 0.0419708029197
4 0.22034400949 0.856447688564 0.0729537366548 0.0425790754258
4 0.293890865955 0.854927007299 0.0717674970344 0.0456204379562
4 0.219454329775 0.80596107056 0.0711743772242 0.043795620438
4 0.293297746145 0.80596107056 0.0729537366548 0.043795620438
4 0.2209371293 0.763381995134 0.0741399762752 0.0413625304136
4 0.29300118624 0.763381995134 0.0723606168446 0.0425790754258
4 0.220047449585 0.722931873479 0.073546856465 0.0419708029197
4 0.29300118624 0.723236009732 0.073546856465 0.0413625304136
4 0.221826809015 0.681873479319 0.073546856465 0.0401459854015
4 0.29300118624 0.68096107056 0.0759193357058 0.0419708029197
4 0.2209371293 0.635340632603 0.0741399762752 0.0419708029197
4 0.29478054567 0.633211678832 0.073546856465 0.0401459854015
4 0.221233689205 0.591849148418 0.0711743772242 0.0377128953771
4 0.222419928826 0.553832116788 0.0711743772242 0.0419708029197
4 0.29418742586 0.591849148418 0.0747330960854 0.0413625304136
4 0.295077105575 0.55200729927 0.0729537366548 0.0383211678832
