2 0.453546099291 0.344742063492 0.504255319149 0.550595238095
4 0.628723404255 0.74503968254 0.104255319149 0.115079365079
4 0.706737588652 0.807043650794 0.0886524822695 0.0982142857143
4 0.647872340426 0.687996031746 0.0957446808511 0.0922619047619
4 0.721985815603 0.749503968254 0.0936170212766 0.0902777777778
4 0.745035460993 0.686011904762 0.0929078014184 0.0982142857143
4 0.766312056738 0.640376984127 0.0886524822695 0.0863095238095
4 0.672340425532 0.637896825397 0.102127659574 0.0972222222222
4 0.693617021277 0.578869047619 0.0936170212766 0.0922619047619
4 0.71914893617 0.532738095238 0.102127659574 0.0892857142857
4 0.739007092199 0.474206349206 0.102127659574 0.0992063492063
