6 0.698047858942 0.478325415677 0.130352644836 0.0932304038005
6 0.399874055416 0.514845605701 0.10201511335 0.0771971496437
6 0.18734256927 0.663895486936 0.111460957179 0.114014251781
6 0.168450881612 0.42013064133 0.107682619647 0.105106888361
6 0.262909319899 0.131532066508 0.081234256927 0.0872921615202
6 0.542191435768 0.377375296912 0.0831234256927 0.101543942993
6 0.399874055416 0.100356294537 0.109571788413 0.11757719715
6 0.794395465995 0.330166270784 0.134130982368 0.131828978622
6 0.401763224181 0.931116389549 0.109571788413 0.114014251781
6 0.508816120907 0.903503562945 0.112090680101 0.105106888361
6 0.844458438287 0.707541567696 0.128463476071 0.101543942993
6 0.72355163728 0.599762470309 0.113350125945 0.121140142518
6 0.842569269521 0.584619952494 0.105793450882 0.0944180522565
