6 0.842027559055 0.295 0.149606299213 0.156
6 0.37155511811 0.06 0.11811023622 0.09
6 0.67125984252 0.03575 0.0797244094488 0.0655
6 0.661663385827 0.18575 0.0989173228346 0.0915
6 0.612696850394 0.5005 0.0954724409449 0.084
6 0.749015748031 0.5935 0.0984251968504 0.112
6 0.508366141732 0.386 0.0816929133858 0.081
6 0.397637795276 0.415 0.0767716535433 0.089
6 0.442913385827 0.6265 0.0688976377953 0.078
6 0.292322834646 0.42 0.0866141732283 0.121
6 0.238681102362 0.6495 0.0816929133858 0.1
6 0.390994094488 0.18 0.0861220472441 0.112
6 0.765255905512 0.7 0.0875984251969 0.087
6 0.47687007874 0.849 0.0728346456693 0.075
6 0.380659448819 0.86975 0.0772637795276 0.0895
