6 0.0987991266376 0.616379310345 0.07096069869 0.0948275862069
6 0.0987991266376 0.499281609195 0.0578602620087 0.0847701149425
6 0.0993449781659 0.413074712644 0.0589519650655 0.0761494252874
6 0.255458515284 0.610632183908 0.0851528384279 0.112068965517
6 0.263100436681 0.494252873563 0.0655021834061 0.103448275862
6 0.267467248908 0.394396551724 0.0873362445415 0.10775862069
6 0.434497816594 0.616379310345 0.0807860262009 0.112068965517
6 0.456331877729 0.483477011494 0.117903930131 0.133620689655
6 0.623908296943 0.624281609195 0.0687772925764 0.104885057471
6 0.638100436681 0.522988505747 0.0556768558952 0.0890804597701
6 0.799126637555 0.622844827586 0.11135371179 0.14224137931
