6 0.136877828054 0.839962121212 0.165158371041 0.160984848485
6 0.442307692308 0.705492424242 0.196832579186 0.149621212121
6 0.794117647059 0.907196969697 0.108597285068 0.109848484848
6 0.788461538462 0.806818181818 0.106334841629 0.102272727273
6 0.792986425339 0.714015151515 0.12443438914 0.102272727273
6 0.787330316742 0.618371212121 0.113122171946 0.092803030303
6 0.802036199095 0.518939393939 0.119909502262 0.102272727273
6 0.806561085973 0.324810606061 0.106334841629 0.100378787879
6 0.804298642534 0.224431818182 0.110859728507 0.100378787879
6 0.807692307692 0.126893939394 0.113122171946 0.106060606061
