6 0.111413043478 0.874436936937 0.190217391304 0.127252252252
6 0.304347826087 0.865427927928 0.126811594203 0.0912162162162
6 0.498188405797 0.86768018018 0.163043478261 0.102477477477
6 0.68115942029 0.872184684685 0.184782608696 0.118243243243
6 0.88134057971 0.868243243243 0.179347826087 0.117117117117
6 0.219202898551 0.624436936937 0.170289855072 0.10472972973
6 0.441123188406 0.625 0.190217391304 0.119369369369
6 0.673913043478 0.621058558559 0.184782608696 0.120495495495
6 0.883152173913 0.619932432432 0.190217391304 0.118243243243
6 0.473731884058 0.407657657658 0.182971014493 0.117117117117
6 0.197463768116 0.307432432432 0.177536231884 0.119369369369
6 0.684782608696 0.306306306306 0.166666666667 0.117117117117
6 0.876811594203 0.306306306306 0.170289855072 0.11036036036
