6 0.502542372881 0.921448730009 0.127118644068 0.0743179680151
6 0.604237288136 0.688146754468 0.147457627119 0.0743179680151
6 0.481355932203 0.622295390405 0.132203389831 0.0780809031044
6 0.352542372881 0.553151458137 0.125423728814 0.071495766698
6 0.227118644068 0.486359360301 0.128813559322 0.0733772342427
6 0.118644067797 0.417215428034 0.132203389831 0.0761994355597
6 0.173728813559 0.270460959548 0.127118644068 0.0667920978363
6 0.534745762712 0.343367826905 0.137288135593 0.071495766698
6 0.351694915254 0.0931326434619 0.164406779661 0.0809031044214
6 0.652542372881 0.159454374412 0.179661016949 0.0950141110066
