6 0.497854077253 0.931687242798 0.184549356223 0.0543209876543
6 0.598712446352 0.848559670782 0.167381974249 0.0707818930041
6 0.717811158798 0.823456790123 0.148068669528 0.038683127572
6 0.711373390558 0.763374485597 0.135193133047 0.0469135802469
6 0.674892703863 0.69012345679 0.178111587983 0.0600823045267
6 0.476394849785 0.553909465021 0.218884120172 0.077366255144
6 0.462446351931 0.460082304527 0.199570815451 0.079012345679
6 0.639484978541 0.316049382716 0.236051502146 0.079012345679
6 0.524678111588 0.179835390947 0.182403433476 0.0633744855967
6 0.424892703863 0.098353909465 0.231759656652 0.0748971193416
