6 0.341176470588 0.949404761905 0.145098039216 0.0484693877551
6 0.336274509804 0.834183673469 0.127450980392 0.0459183673469
6 0.336274509804 0.771683673469 0.158823529412 0.0688775510204
6 0.33431372549 0.698129251701 0.119607843137 0.0510204081633
6 0.296078431373 0.531462585034 0.137254901961 0.0578231292517
6 0.291176470588 0.323979591837 0.135294117647 0.0595238095238
6 0.253921568627 0.106292517007 0.123529411765 0.047619047619
6 0.0745098039216 0.109693877551 0.101960784314 0.0663265306122
6 0.666666666667 0.942602040816 0.149019607843 0.0535714285714
6 0.633333333333 0.754676870748 0.145098039216 0.0586734693878
6 0.626470588235 0.682823129252 0.139215686275 0.047619047619
6 0.6 0.510204081633 0.149019607843 0.0578231292517
6 0.587254901961 0.432397959184 0.147058823529 0.0586734693878
6 0.719607843137 0.349914965986 0.129411764706 0.0552721088435
6 0.779411764706 0.216411564626 0.111764705882 0.0671768707483
6 0.562745098039 0.13137755102 0.145098039216 0.0569727891156
6 0.551960784314 0.062074829932 0.158823529412 0.0578231292517
