6 0.363529411765 0.94625 0.162352941176 0.0508333333333
6 0.356470588235 0.88875 0.152941176471 0.0491666666667
6 0.336470588235 0.8325 0.150588235294 0.0483333333333
6 0.338823529412 0.77375 0.145882352941 0.0475
6 0.327058823529 0.718333333333 0.145882352941 0.0516666666667
6 0.309411764706 0.66 0.143529411765 0.0516666666667
6 0.294117647059 0.602916666667 0.145882352941 0.0441666666667
6 0.271764705882 0.554166666667 0.129411764706 0.045
6 0.282352941176 0.442083333333 0.150588235294 0.0425
6 0.262352941176 0.393333333333 0.148235294118 0.0433333333333
6 0.254117647059 0.3425 0.145882352941 0.0433333333333
6 0.262352941176 0.288333333333 0.148235294118 0.0466666666667
6 0.248235294118 0.24 0.148235294118 0.045
6 0.235294117647 0.191666666667 0.145882352941 0.0466666666667
6 0.225882352941 0.14 0.145882352941 0.045
6 0.225882352941 0.085 0.141176470588 0.0416666666667
6 0.725882352941 0.906666666667 0.162352941176 0.0466666666667
6 0.705882352941 0.732083333333 0.169411764706 0.0575
6 0.705882352941 0.670416666667 0.150588235294 0.0391666666667
6 0.656470588235 0.46875 0.127058823529 0.0508333333333
6 0.608235294118 0.35 0.167058823529 0.0566666666667
6 0.624705882353 0.229166666667 0.143529411765 0.0433333333333
6 0.6 0.172916666667 0.164705882353 0.0558333333333
6 0.603529411765 0.114583333333 0.148235294118 0.0475
6 0.574117647059 0.0570833333333 0.155294117647 0.0425
6 0.852941176471 0.302916666667 0.134117647059 0.0691666666667
