6 0.271404109589 0.932258064516 0.131849315068 0.0635944700461
6 0.259417808219 0.842396313364 0.128424657534 0.0663594470046
6 0.249143835616 0.767741935484 0.111301369863 0.0626728110599
6 0.255136986301 0.69400921659 0.133561643836 0.0626728110599
6 0.256849315068 0.617050691244 0.126712328767 0.0617511520737
6 0.236301369863 0.416589861751 0.126712328767 0.0663594470046
6 0.225171232877 0.254377880184 0.118150684932 0.0645161290323
6 0.205479452055 0.10599078341 0.126712328767 0.0589861751152
6 0.107020547945 0.0728110599078 0.107876712329 0.0755760368664
6 0.883561643836 0.893087557604 0.0958904109589 0.0626728110599
6 0.852739726027 0.816129032258 0.126712328767 0.0635944700461
6 0.855308219178 0.737788018433 0.169520547945 0.0746543778802
6 0.861301369863 0.640092165899 0.16095890411 0.0764976958525
6 0.847602739726 0.536866359447 0.167808219178 0.0746543778802
6 0.829623287671 0.411520737327 0.155821917808 0.0801843317972
6 0.834760273973 0.320276497696 0.162671232877 0.0783410138249
6 0.826198630137 0.220276497696 0.162671232877 0.0755760368664
6 0.814212328767 0.11797235023 0.193493150685 0.0921658986175
6 0.786815068493 0.0405529953917 0.0941780821918 0.0497695852535
6 0.431506849315 0.528110599078 0.130136986301 0.0626728110599
6 0.640410958904 0.530414746544 0.0821917808219 0.0635944700461
