6 0.362745098039 0.920353982301 0.117647058824 0.0452310717797
6 0.354901960784 0.784169124877 0.121568627451 0.0560471976401
6 0.302941176471 0.716322517207 0.139215686275 0.0599803343166
6 0.292156862745 0.510324483776 0.113725490196 0.0452310717797
6 0.253921568627 0.447885939036 0.147058823529 0.0757128810226
6 0.261764705882 0.379056047198 0.111764705882 0.0462143559489
6 0.226470588235 0.306293018682 0.170588235294 0.0855457227139
6 0.194117647059 0.194198623402 0.176470588235 0.0934119960669
6 0.225490196078 0.0845624385447 0.149019607843 0.07866273353
6 0.640196078431 0.102753195674 0.107843137255 0.0737463126844
