6 0.336885245902 0.880582524272 0.0901639344262 0.0601941747573
6 0.340163934426 0.790776699029 0.0901639344262 0.047572815534
6 0.34262295082 0.717961165049 0.0885245901639 0.0572815533981
6 0.340983606557 0.583495145631 0.0786885245902 0.0485436893204
6 0.344262295082 0.42427184466 0.0852459016393 0.0582524271845
6 0.348360655738 0.354368932039 0.0868852459016 0.0621359223301
6 0.340163934426 0.220873786408 0.0803278688525 0.0553398058252
6 0.618852459016 0.911650485437 0.0934426229508 0.0582524271845
6 0.617213114754 0.756310679612 0.0967213114754 0.0621359223301
6 0.675409836066 0.421844660194 0.111475409836 0.0631067961165
6 0.643442622951 0.339805825243 0.1 0.0446601941748
6 0.631147540984 0.258252427184 0.104918032787 0.0466019417476
6 0.618032786885 0.0771844660194 0.104918032787 0.0592233009709
