6 0.130602782071 0.880908248378 0.131375579598 0.0898980537535
6 0.409582689335 0.895736793327 0.126738794436 0.0861909175162
6 0.545595054096 0.898980537535 0.126738794436 0.0871177015755
6 0.108964451314 0.740963855422 0.12828438949 0.0639481000927
6 0.254250386399 0.734939759036 0.134466769706 0.0778498609824
6 0.400309119011 0.732622798888 0.129829984544 0.0898980537535
6 0.54714064915 0.7437442076 0.129829984544 0.0639481000927
6 0.697063369397 0.72937905468 0.126738794436 0.0871177015755
6 0.843894899536 0.732622798888 0.126738794436 0.0880444856348
6 0.693972179289 0.516218721038 0.132921174652 0.0778498609824
6 0.85085007728 0.518072289157 0.122102009274 0.0778498609824
6 0.0857805255023 0.307692307692 0.131375579598 0.0611677479147
6 0.233384853168 0.302131603336 0.129829984544 0.0741427247451
6 0.531684698609 0.303985171455 0.129829984544 0.0759962928638
6 0.702472952087 0.303058387396 0.131375579598 0.0759962928638
6 0.236476043277 0.0908248378128 0.126738794436 0.0778498609824
6 0.381761978362 0.0903614457831 0.126738794436 0.0806302131603
6 0.529366306028 0.0931417979611 0.131375579598 0.082483781279
6 0.844667697063 0.0963855421687 0.140649149923 0.079703429101
