6 0.175654853621 0.891241578441 0.163328197227 0.0750721847931
6 0.447611710324 0.891241578441 0.130970724191 0.0827718960539
6 0.753466872111 0.876804619827 0.147919876733 0.103946102021
6 0.152542372881 0.714629451396 0.141756548536 0.0779595765159
6 0.336671802773 0.63666987488 0.13405238829 0.0875842155919
6 0.473035439137 0.639076034649 0.135593220339 0.103946102021
6 0.611710323575 0.634744947064 0.13251155624 0.0818094321463
6 0.88906009245 0.621270452358 0.13251155624 0.0837343599615
6 0.203389830508 0.357555341675 0.114021571649 0.0798845043311
6 0.328967642527 0.359961501444 0.137134052388 0.0789220404235
6 0.58782742681 0.336862367661 0.15562403698 0.103946102021
6 0.115562403698 0.217998075072 0.144838212635 0.0741097208855
6 0.423728813559 0.132338787295 0.141756548536 0.104908565929
6 0.68875192604 0.122232916266 0.13251155624 0.103946102021
