6 0.0944363103953 0.669324577861 0.139092240117 0.0984990619137
6 0.183748169839 0.768761726079 0.133235724744 0.0853658536585
6 0.322108345534 0.84990619137 0.137628111274 0.0844277673546
6 0.591508052709 0.829268292683 0.111273792094 0.06191369606
6 0.562957540264 0.735928705441 0.13616398243 0.0872420262664
6 0.510248901903 0.633677298311 0.142020497804 0.0928705440901
6 0.468521229868 0.531425891182 0.14934114202 0.0872420262664
6 0.445095168375 0.427298311445 0.14934114202 0.0872420262664
6 0.430453879941 0.309099437148 0.14934114202 0.0966228893058
6 0.870424597365 0.818011257036 0.130307467057 0.0731707317073
6 0.823572474378 0.646341463415 0.11859443631 0.06191369606
6 0.857979502196 0.538461538462 0.158125915081 0.0881801125704
6 0.853587115666 0.420262664165 0.172767203514 0.103189493433
6 0.807467057101 0.300187617261 0.180087847731 0.0919324577861
6 0.769399707174 0.19277673546 0.139092240117 0.0834896810507
6 0.740849194729 0.0853658536585 0.146412884334 0.078799249531
