6 0.349085365854 0.859459459459 0.131097560976 0.102702702703
6 0.34375 0.681081081081 0.105182926829 0.0864864864865
6 0.34375 0.555405405405 0.108231707317 0.0864864864865
6 0.344512195122 0.45472972973 0.0884146341463 0.0797297297297
6 0.342987804878 0.356081081081 0.0792682926829 0.077027027027
6 0.342987804878 0.116891891892 0.094512195122 0.0878378378378
6 0.699695121951 0.911486486486 0.128048780488 0.104054054054
6 0.71875 0.740540540541 0.16006097561 0.135135135135
6 0.708841463415 0.592567567568 0.137195121951 0.106756756757
6 0.716463414634 0.45472972973 0.146341463415 0.106756756757
6 0.715701219512 0.17027027027 0.0960365853659 0.072972972973
