6 0.513913043478 0.94900605013 0.130434782609 0.0656871218669
6 0.438260869565 0.875108038029 0.125217391304 0.0613656006914
6 0.528695652174 0.788245462403 0.146086956522 0.0622299049265
6 0.440869565217 0.712618841832 0.12 0.0613656006914
6 0.526086956522 0.592480553155 0.154782608696 0.0613656006914
6 0.454782608696 0.528954191876 0.113043478261 0.0639585133967
6 0.553043478261 0.436473638721 0.135652173913 0.0674157303371
6 0.462608695652 0.378133102852 0.118260869565 0.0648228176318
6 0.551304347826 0.278305963699 0.121739130435 0.0674157303371
6 0.466956521739 0.224286949006 0.11652173913 0.0630942091616
6 0.564347826087 0.122299049265 0.137391304348 0.0700086430424
6 0.481739130435 0.0730337078652 0.118260869565 0.0596369922213
