6 0.0982658959538 0.837084673098 0.112716763006 0.102893890675
6 0.232658959538 0.840836012862 0.112716763006 0.106109324759
6 0.368497109827 0.844051446945 0.112716763006 0.0996784565916
6 0.5 0.836548767417 0.0809248554913 0.0846730975348
6 0.638728323699 0.837620578778 0.0982658959538 0.0932475884244
6 0.767341040462 0.839764201501 0.121387283237 0.101822079314
6 0.903179190751 0.841371918542 0.118497109827 0.105037513398
6 0.0729768786127 0.624330117899 0.128612716763 0.0975348338692
6 0.249277456647 0.630225080386 0.10838150289 0.0900321543408
6 0.439306358382 0.632368703108 0.106936416185 0.0921757770632
6 0.595375722543 0.631296891747 0.124277456647 0.102893890675
6 0.75289017341 0.630760986066 0.121387283237 0.101822079314
6 0.903901734104 0.62540192926 0.117052023121 0.0932475884244
6 0.0715317919075 0.371382636656 0.10838150289 0.0996784565916
6 0.235549132948 0.372454448017 0.109826589595 0.0932475884244
6 0.424855491329 0.372990353698 0.121387283237 0.096463022508
6 0.619219653179 0.448553054662 0.128612716763 0.0996784565916
6 0.765895953757 0.373526259378 0.112716763006 0.101822079314
6 0.895231213873 0.370846730975 0.10838150289 0.102893890675
6 0.231936416185 0.161307609861 0.0823699421965 0.0782422293676
