6 0.347687400319 0.945445445445 0.0797448165869 0.0590590590591
6 0.227272727273 0.882882882883 0.097288676236 0.0720720720721
6 0.117224880383 0.838838838839 0.106858054226 0.0800800800801
6 0.114832535885 0.75975975976 0.0893141945774 0.048048048048
6 0.105263157895 0.672172172172 0.111642743222 0.0710710710711
6 0.0948963317384 0.591091091091 0.097288676236 0.0610610610611
6 0.522328548644 0.923423423423 0.129186602871 0.0770770770771
6 0.587719298246 0.847847847848 0.135566188198 0.0700700700701
6 0.393939393939 0.751751751752 0.0988835725678 0.0840840840841
6 0.332535885167 0.64964964965 0.11004784689 0.0600600600601
6 0.31658692185 0.562062062062 0.103668261563 0.0610610610611
6 0.323763955343 0.48048048048 0.13716108453 0.0800800800801
6 0.325358851675 0.39039039039 0.102073365231 0.0600600600601
6 0.311802232855 0.305305305305 0.129186602871 0.0780780780781
6 0.350079744817 0.113113113113 0.0940988835726 0.048048048048
6 0.649122807018 0.605105105105 0.140350877193 0.0750750750751
6 0.645135566188 0.507007007007 0.138755980861 0.0770770770771
6 0.644338118022 0.416916916917 0.14673046252 0.0870870870871
6 0.897926634769 0.580580580581 0.15629984051 0.0880880880881
6 0.884370015949 0.47997997998 0.132376395534 0.0770770770771
6 0.891547049442 0.380880880881 0.153110047847 0.0790790790791
6 0.647527910686 0.31981981982 0.124401913876 0.0830830830831
6 0.893939393939 0.284784784785 0.145135566188 0.0810810810811
6 0.885964912281 0.188688688689 0.157894736842 0.0850850850851
6 0.627591706539 0.0860860860861 0.097288676236 0.0560560560561
