6 0.155950752394 0.899917287014 0.0820793433653 0.0628618693135
6 0.303009575923 0.921422663358 0.121751025992 0.0942928039702
6 0.458276333789 0.917287014061 0.123119015048 0.0976013234078
6 0.611491108071 0.91935483871 0.0902872777018 0.0521091811414
6 0.703830369357 0.948304383788 0.077975376197 0.0653432588916
6 0.816005471956 0.950785773366 0.0807113543092 0.070306038048
6 0.0834473324213 0.684449958644 0.0793433652531 0.0620347394541
6 0.194938440492 0.697270471464 0.0807113543092 0.0694789081886
6 0.30779753762 0.686517783292 0.0820793433653 0.0727874276261
6 0.511627906977 0.708023159636 0.0875512995896 0.0645161290323
6 0.6292749658 0.721670802316 0.0848153214774 0.0769230769231
6 0.738714090287 0.685277088503 0.0820793433653 0.0736145574855
6 0.828317373461 0.78370554177 0.113543091655 0.0471464019851
6 0.84952120383 0.679900744417 0.114911080711 0.0645161290323
6 0.160054719562 0.353598014888 0.0738714090287 0.0620347394541
6 0.266757865937 0.361455748553 0.0738714090287 0.0578990901572
6 0.370041039672 0.370140612076 0.0697674418605 0.0636889991729
6 0.47537619699 0.408188585608 0.0971272229822 0.0570719602978
6 0.586183310534 0.386269644334 0.0834473324213 0.0711331679074
6 0.777017783858 0.394954507858 0.0848153214774 0.0636889991729
6 0.900136798906 0.394127377998 0.093023255814 0.0620347394541
6 0.902872777018 0.325062034739 0.0738714090287 0.0595533498759
6 0.0608755129959 0.146815550041 0.0889192886457 0.070306038048
6 0.174418604651 0.174110835401 0.077975376197 0.0736145574855
6 0.264705882353 0.137303556658 0.077975376197 0.0694789081886
6 0.387140902873 0.134408602151 0.10123119015 0.0636889991729
6 0.529411764706 0.169561621175 0.0820793433653 0.0893300248139
6 0.636798905609 0.127791563275 0.077975376197 0.0769230769231
6 0.750341997264 0.124483043838 0.0807113543092 0.0587262200165
6 0.90218878249 0.126137303557 0.108071135431 0.0521091811414
6 0.36730506156 0.0454921422663 0.11901504788 0.0545905707196
