6 0.257799671593 0.847210300429 0.134646962233 0.068669527897
6 0.423645320197 0.907725321888 0.108374384236 0.0729613733906
6 0.612479474548 0.925751072961 0.121510673235 0.0918454935622
6 0.841543513957 0.806008583691 0.11986863711 0.0652360515021
6 0.229885057471 0.531330472103 0.144499178982 0.0721030042918
6 0.196223316913 0.428755364807 0.139573070608 0.0729613733906
6 0.139573070608 0.330042918455 0.151067323481 0.0798283261803
6 0.169129720854 0.131330472103 0.121510673235 0.080686695279
6 0.340722495895 0.0948497854077 0.12315270936 0.0695278969957
6 0.531198686371 0.0789699570815 0.139573070608 0.0927038626609
