6 0.461764705882 0.9 0.0823529411765 0.0570135746606
6 0.469117647059 0.83257918552 0.102941176471 0.0470588235294
6 0.446323529412 0.764253393665 0.0985294117647 0.0552036199095
6 0.452205882353 0.694570135747 0.107352941176 0.0533936651584
6 0.430882352941 0.552941176471 0.0911764705882 0.0542986425339
6 0.341176470588 0.509049773756 0.0911764705882 0.0642533936652
6 0.158088235294 0.406334841629 0.0779411764706 0.0597285067873
6 0.0669117647059 0.375113122172 0.0985294117647 0.0696832579186
6 0.811764705882 0.925339366516 0.0794117647059 0.047963800905
6 0.853676470588 0.790045248869 0.0955882352941 0.0579185520362
6 0.894117647059 0.649321266968 0.0588235294118 0.0497737556561
6 0.477205882353 0.337556561086 0.0838235294118 0.0651583710407
6 0.389705882353 0.28778280543 0.1 0.0561085972851
6 0.638970588235 0.0475113122172 0.107352941176 0.0588235294118
