6 0.165224913495 0.912195121951 0.112456747405 0.070243902439
6 0.450692041522 0.912682926829 0.112456747405 0.0692682926829
6 0.745674740484 0.915609756098 0.110726643599 0.0692682926829
6 0.897923875433 0.909756097561 0.114186851211 0.0829268292683
6 0.310553633218 0.681951219512 0.0847750865052 0.08
6 0.634083044983 0.68487804878 0.0709342560554 0.0624390243902
6 0.756920415225 0.688780487805 0.0847750865052 0.0780487804878
6 0.910899653979 0.668292682927 0.0778546712803 0.0585365853659
6 0.475778546713 0.594634146341 0.141868512111 0.0556097560976
6 0.221453287197 0.507317073171 0.134948096886 0.0526829268293
6 0.549307958478 0.418048780488 0.0813148788927 0.0848780487805
6 0.663494809689 0.408780487805 0.0778546712803 0.0643902439024
6 0.77508650519 0.39512195122 0.076124567474 0.060487804878
6 0.357266435986 0.170243902439 0.115916955017 0.0653658536585
6 0.567474048443 0.175609756098 0.0692041522491 0.0546341463415
6 0.680795847751 0.18243902439 0.0674740484429 0.060487804878
6 0.912629757785 0.15756097561 0.0847750865052 0.0517073170732
6 0.90830449827 0.0790243902439 0.100346020761 0.0468292682927
