6 0.160406885759 0.914923954373 0.104851330203 0.0750950570342
6 0.461658841941 0.893536121673 0.143974960876 0.0893536121673
6 0.47965571205 0.802756653992 0.0892018779343 0.0465779467681
6 0.478873239437 0.710076045627 0.150234741784 0.0855513307985
6 0.432707355243 0.621673003802 0.0798122065728 0.0627376425856
6 0.294992175274 0.571292775665 0.123630672926 0.0836501901141
6 0.190923317684 0.46102661597 0.162754303599 0.0836501901141
6 0.203442879499 0.371673003802 0.112676056338 0.0513307984791
6 0.211267605634 0.30180608365 0.093896713615 0.0503802281369
6 0.223004694836 0.211501901141 0.154929577465 0.069391634981
6 0.214397496088 0.133079847909 0.10641627543 0.0494296577947
6 0.225352112676 0.0622623574144 0.118935837246 0.0503802281369
6 0.845852895149 0.904942965779 0.139280125196 0.0760456273764
6 0.823161189358 0.819391634981 0.14710485133 0.0760456273764
6 0.83255086072 0.721482889734 0.134585289515 0.074144486692
6 0.912363067293 0.629752851711 0.0625978090767 0.0522813688213
6 0.543818466354 0.313688212928 0.0923317683881 0.0513307984791
6 0.550860719875 0.252376425856 0.093896713615 0.0465779467681
6 0.553208137715 0.190114068441 0.0923317683881 0.041825095057
6 0.556338028169 0.131178707224 0.0829420970266 0.0456273764259
6 0.859154929577 0.320342205323 0.0719874804382 0.0437262357414
6 0.867762128326 0.199619771863 0.0672926447574 0.0494296577947
