6 0.442143727162 0.806843267108 0.0730816077954 0.075055187638
6 0.462241169306 0.710264900662 0.0718635809988 0.0761589403974
6 0.602314250914 0.87472406181 0.0816077953715 0.0805739514349
6 0.622411693057 0.773730684327 0.0828258221681 0.0816777041943
6 0.7143727162 0.939293598234 0.0718635809988 0.0772626931567
6 0.663215590743 0.581125827815 0.0816077953715 0.0805739514349
6 0.811814859927 0.57229580574 0.108404384896 0.0584988962472
6 0.827040194884 0.490618101545 0.104750304507 0.0584988962472
6 0.834957369062 0.39238410596 0.0791717417783 0.0496688741722
6 0.556029232643 0.316225165563 0.0694275274056 0.0496688741722
6 0.565164433618 0.247792494481 0.0657734470158 0.0430463576159
6 0.727161997564 0.0485651214128 0.0779537149817 0.083885209713
