6 0.144385026738 0.927402862986 0.0695187165775 0.0633946830266
6 0.219251336898 0.887014314928 0.0802139037433 0.0746421267894
6 0.371657754011 0.800102249489 0.0668449197861 0.0521472392638
6 0.451871657754 0.751022494888 0.0802139037433 0.0664621676892
6 0.326871657754 0.592024539877 0.0467914438503 0.0347648261759
6 0.409759358289 0.540899795501 0.0441176470588 0.038854805726
6 0.755347593583 0.561349693252 0.0668449197861 0.040899795501
6 0.70922459893 0.482617586912 0.0548128342246 0.040899795501
6 0.604278074866 0.407975460123 0.0828877005348 0.0490797546012
6 0.890374331551 0.325664621677 0.0882352941176 0.0562372188139
6 0.824197860963 0.265848670757 0.0868983957219 0.0552147239264
