8 0.393728222997 0.953364817001 0.146341463415 0.0436835891381
8 0.40243902439 0.890791027155 0.16724738676 0.0507674144038
8 0.400696864111 0.831168831169 0.16724738676 0.0519480519481
8 0.393728222997 0.764462809917 0.160278745645 0.0484061393152
8 0.3893728223 0.695985832349 0.158536585366 0.0507674144038
8 0.380662020906 0.621015348288 0.162020905923 0.0613931523022
8 0.37543554007 0.547225501771 0.172473867596 0.0625737898465
8 0.370209059233 0.467532467532 0.158536585366 0.0661157024793
8 0.365853658537 0.360094451004 0.16724738676 0.073199527745
8 0.359756097561 0.263872491145 0.182926829268 0.0909090909091
8 0.3606271777 0.138724911452 0.15331010453 0.0838252656434
8 0.352787456446 0.0436835891381 0.158536585366 0.0779220779221
