9 0.851274787535 0.388475836431 0.056657223796 0.046468401487
9 0.507790368272 0.218401486989 0.0524079320113 0.0501858736059
9 0.359065155807 0.137546468401 0.0750708215297 0.0223048327138
9 0.328611898017 0.111059479554 0.0736543909348 0.025092936803
9 0.28895184136 0.0813197026022 0.0821529745042 0.025092936803
9 0.119688385269 0.104553903346 0.0779036827195 0.0399628252788
9 0.214589235127 0.157527881041 0.0382436260623 0.0511152416357
9 0.454674220963 0.322026022305 0.0368271954674 0.0566914498141
9 0.531869688385 0.376394052045 0.0382436260623 0.0539033457249
9 0.56657223796 0.406133828996 0.0368271954674 0.0483271375465
9 0.181303116147 0.351765799257 0.070821529745 0.0362453531599
9 0.204674220963 0.372211895911 0.0665722379603 0.0381040892193
9 0.247875354108 0.417286245353 0.070821529745 0.0390334572491
9 0.271954674221 0.434479553903 0.0651558073654 0.0325278810409
9 0.292492917847 0.455855018587 0.0694050991501 0.0381040892193
9 0.315864022663 0.474907063197 0.0736543909348 0.0390334572491
9 0.344900849858 0.494423791822 0.0637393767705 0.0371747211896
9 0.444050991501 0.51626394052 0.0609065155807 0.0418215613383
9 0.477337110482 0.510223048327 0.0538243626062 0.0390334572491
9 0.507082152975 0.490241635688 0.056657223796 0.0399628252788
9 0.550991501416 0.468866171004 0.0764872521246 0.025092936803
9 0.539660056657 0.440055762082 0.0623229461756 0.021375464684
9 0.502124645892 0.419144981413 0.0779036827195 0.0241635687732
9 0.590651558074 0.512546468401 0.0623229461756 0.0436802973978
9 0.548866855524 0.532063197026 0.0552407932011 0.0399628252788
9 0.528328611898 0.55250929368 0.0679886685552 0.0473977695167
9 0.498583569405 0.570167286245 0.0651558073654 0.0455390334572
9 0.467422096317 0.585501858736 0.0623229461756 0.0520446096654
9 0.43059490085 0.598513011152 0.0538243626062 0.0483271375465
9 0.389518413598 0.608271375465 0.0538243626062 0.0436802973978
9 0.344900849858 0.616171003717 0.0410764872521 0.0408921933086
9 0.305240793201 0.627323420074 0.0467422096317 0.0501858736059
9 0.497875354108 0.645910780669 0.0467422096317 0.0539033457249
9 0.561614730878 0.655204460967 0.0524079320113 0.0390334572491
9 0.617563739377 0.602695167286 0.0764872521246 0.0604089219331
9 0.32223796034 0.56970260223 0.0665722379603 0.0390334572491
9 0.295325779037 0.546003717472 0.0665722379603 0.0381040892193
9 0.253541076487 0.503717472119 0.0623229461756 0.0334572490706
9 0.231586402266 0.485130111524 0.0609065155807 0.0334572490706
9 0.205382436261 0.467472118959 0.0764872521246 0.0371747211896
9 0.188385269122 0.445167286245 0.0679886685552 0.0371747211896
9 0.161473087819 0.425185873606 0.0764872521246 0.0381040892193
9 0.107648725212 0.472118959108 0.0736543909348 0.0390334572491
9 0.160764872521 0.514869888476 0.0609065155807 0.0315985130112
9 0.179886685552 0.538104089219 0.0623229461756 0.0334572490706
9 0.220254957507 0.581319702602 0.0694050991501 0.0362453531599
9 0.240793201133 0.605018587361 0.0764872521246 0.0390334572491
9 0.592067988669 0.869888475836 0.0878186968839 0.0260223048327
