9 0.893162393162 0.52574906367 0.0541310541311 0.0308988764045
9 0.856837606838 0.51170411985 0.0669515669516 0.0383895131086
9 0.80056980057 0.48361423221 0.0740740740741 0.0477528089888
9 0.774216524217 0.465823970037 0.0612535612536 0.0383895131086
9 0.478632478632 0.220973782772 0.0712250712251 0.0393258426966
9 0.503561253561 0.449438202247 0.0612535612536 0.0374531835206
9 0.378917378917 0.524812734082 0.0569800569801 0.0458801498127
9 0.344017094017 0.50702247191 0.0555555555556 0.0421348314607
9 0.277777777778 0.296816479401 0.0541310541311 0.0411985018727
9 0.220797720798 0.246722846442 0.048433048433 0.0402621722846
9 0.159544159544 0.193352059925 0.0626780626781 0.0514981273408
