6 0.898829431438 0.896535129933 0.0986622073579 0.0452358036574
6 0.554347826087 0.823387872955 0.0685618729097 0.0529355149182
6 0.45652173913 0.63666987488 0.0802675585284 0.0529355149182
6 0.152173913043 0.404234841193 0.0769230769231 0.0384985563041
6 0.112040133779 0.358517805582 0.066889632107 0.0317613089509
6 0.121237458194 0.304619826756 0.0819397993311 0.0471607314726
6 0.251672240803 0.247834456208 0.0518394648829 0.0394610202117
6 0.351170568562 0.274783445621 0.0702341137124 0.0548604427334
6 0.460702341137 0.306063522618 0.0819397993311 0.0808469682387
6 0.698160535117 0.31135707411 0.0953177257525 0.060635226179
6 0.814381270903 0.238691049086 0.0802675585284 0.0615976900866
6 0.0635451505017 0.138113570741 0.0735785953177 0.0664100096246
