0 0.141068447412 0.90735434575 0.0617696160267 0.043935052531
0 0.507512520868 0.845272206304 0.180300500835 0.0458452722063
0 0.23121869783 0.748806112703 0.0784641068447 0.0343839541547
0 0.0776293823038 0.615568290353 0.0784641068447 0.0372492836676
0 0.247913188648 0.593600764088 0.0550918196995 0.0315186246418
0 0.0884808013356 0.355778414518 0.0734557595993 0.0238777459408
0 0.37979966611 0.432664756447 0.121869782972 0.0401146131805
0 0.27796327212 0.3629417383 0.105175292154 0.0324737344795
0 0.762938230384 0.330945558739 0.113522537563 0.0888252148997
0 0.0651085141903 0.234479465138 0.0701168614357 0.0219675262655
0 0.337228714524 0.158070678128 0.110183639399 0.0315186246418
0 0.756260434057 0.200095510984 0.173622704508 0.054441260745
0 0.904841402337 0.602674307545 0.153589315526 0.043935052531
