0 0.844086021505 0.931873479319 0.0931899641577 0.0356853203569
0 0.561827956989 0.895377128954 0.116487455197 0.0583941605839
0 0.637096774194 0.763584752636 0.094982078853 0.0413625304136
0 0.229390681004 0.701135442011 0.114695340502 0.0381184103812
0 0.076164874552 0.552716950527 0.0627240143369 0.0462287104623
0 0.3270609319 0.458231954582 0.116487455197 0.0373073803731
0 0.490143369176 0.430656934307 0.0913978494624 0.0616382806164
0 0.764336917563 0.559205190592 0.0555555555556 0.0673154906732
0 0.136200716846 0.32603406326 0.0573476702509 0.0454176804542
0 0.193548387097 0.265612327656 0.0537634408602 0.0462287104623
0 0.468637992832 0.23803730738 0.0483870967742 0.0494728304947
0 0.821684587814 0.285077047851 0.120071684588 0.0559610705596
0 0.155017921147 0.170721816707 0.0591397849462 0.0397404703974
0 0.305555555556 0.117193836172 0.0448028673835 0.0381184103812
0 0.26164874552 0.0636658556367 0.0681003584229 0.0332522303325
