6 0.292750929368 0.709364908504 0.0947955390335 0.0775026910657
6 0.313197026022 0.638320775027 0.131970260223 0.0818083961249
6 0.315055762082 0.476318622174 0.124535315985 0.0807319698601
6 0.306691449814 0.395586652314 0.0966542750929 0.0505920344456
6 0.317843866171 0.314854682454 0.126394052045 0.0807319698601
6 0.579925650558 0.813240043057 0.122676579926 0.0635091496233
6 0.582713754647 0.735199138859 0.124535315985 0.0667384284177
6 0.578996282528 0.657158234661 0.131970260223 0.0699677072121
6 0.590148698885 0.369214208827 0.124535315985 0.0581270182992
6 0.594795539033 0.299784714747 0.126394052045 0.0613562970936
