8 0.19009009009 0.668085106383 0.185585585586 0.0382978723404
8 0.256756756757 0.728723404255 0.0594594594595 0.159574468085
8 0.401801801802 0.737765957447 0.0972972972973 0.162765957447
8 0.545945945946 0.766489361702 0.0720720720721 0.13085106383
8 0.522522522523 0.582446808511 0.0576576576577 0.198936170213
8 0.081981981982 0.548936170213 0.0666666666667 0.112765957447
8 0.217117117117 0.544680851064 0.0954954954955 0.131914893617
8 0.381081081081 0.549468085106 0.102702702703 0.141489361702
8 0.104504504505 0.367553191489 0.108108108108 0.128723404255
8 0.28018018018 0.351063829787 0.106306306306 0.134042553191
8 0.446846846847 0.340425531915 0.100900900901 0.13829787234
8 0.620720720721 0.332978723404 0.106306306306 0.142553191489
8 0.772072072072 0.298936170213 0.0666666666667 0.204255319149
