8 0.568262411348 0.82460035524 0.186170212766 0.13055062167
8 0.698581560284 0.86811722913 0.18085106383 0.137655417407
8 0.169326241135 0.547069271758 0.136524822695 0.0746003552398
8 0.170212765957 0.446714031972 0.156028368794 0.0586145648313
8 0.162234042553 0.353463587922 0.16134751773 0.0586145648313
8 0.144503546099 0.275754884547 0.16134751773 0.0666074600355
8 0.131205673759 0.203818827709 0.152482269504 0.063055062167
8 0.110815602837 0.150976909414 0.168439716312 0.0479573712256
8 0.578014184397 0.233126110124 0.205673758865 0.0577264653641
8 0.473404255319 0.120337477798 0.0886524822695 0.095026642984
8 0.618794326241 0.116785079929 0.0886524822695 0.134103019538
