6 0.183123877917 0.5 0.118491921005 0.0628115653041
6 0.245960502693 0.417746759721 0.122082585278 0.0658025922233
6 0.345601436266 0.340977068794 0.131059245961 0.0677966101695
6 0.440754039497 0.263210368893 0.141831238779 0.0697906281157
6 0.499102333932 0.16999002991 0.13644524237 0.0767696909272
6 0.588868940754 0.770687936191 0.0933572710952 0.0757726819541
6 0.737881508079 0.831505483549 0.118491921005 0.0857427716849
6 0.880610412926 0.900797607178 0.123877917415 0.0827517447657
0 0.748653500898 0.498005982054 0.0502692998205 0.0289132602193
0 0.809694793537 0.49850448654 0.0502692998205 0.0299102691924
