8 0.407540394973 0.943649373882 0.236983842011 0.08228980322
8 0.438061041293 0.843917710197 0.258527827648 0.0796064400716
8 0.415619389587 0.752683363148 0.296229802513 0.0491949910555
8 0.406642728905 0.684704830054 0.310592459605 0.0420393559928
8 0.408438061041 0.615384615385 0.296229802513 0.0429338103757
8 0.371633752244 0.549194991055 0.236983842011 0.0500894454383
8 0.391382405745 0.477191413238 0.283662477558 0.0581395348837
8 0.376122082585 0.40518783542 0.274685816876 0.0644007155635
8 0.426391382406 0.313059033989 0.245960502693 0.08228980322
8 0.498204667864 0.236583184258 0.224416517056 0.113595706619
8 0.591561938959 0.172182468694 0.138240574506 0.120751341682
8 0.737881508079 0.144007155635 0.0897666068223 0.118067978533
8 0.880610412926 0.135062611807 0.0771992818671 0.0966010733453
