8 0.425925925926 0.81228668942 0.100529100529 0.0665529010239
8 0.529100529101 0.851962457338 0.0811287477954 0.101535836177
8 0.461199294533 0.736774744027 0.220458553792 0.0725255972696
8 0.478835978836 0.648464163823 0.238095238095 0.0733788395904
8 0.647266313933 0.823805460751 0.10582010582 0.198805460751
8 0.485890652557 0.558873720137 0.195767195767 0.0511945392491
8 0.532627865961 0.491894197952 0.243386243386 0.0537542662116
8 0.716049382716 0.536689419795 0.123456790123 0.167235494881
8 0.542328042328 0.417662116041 0.343915343915 0.0503412969283
8 0.256613756614 0.163395904437 0.231040564374 0.133959044369
8 0.452380952381 0.237201365188 0.343915343915 0.165529010239
8 0.503527336861 0.106655290102 0.266313932981 0.151877133106
