6 0.687817258883 0.872596153846 0.0896785109983 0.0586538461538
6 0.924703891709 0.881730769231 0.093062605753 0.0692307692308
6 0.699661590525 0.788461538462 0.103214890017 0.0615384615385
6 0.679357021997 0.7 0.0998307952623 0.0538461538462
6 0.420473773266 0.781730769231 0.0862944162437 0.0480769230769
6 0.339255499154 0.703846153846 0.093062605753 0.0557692307692
6 0.179357021997 0.597115384615 0.0744500846024 0.0480769230769
6 0.0769881556684 0.39375 0.0795262267343 0.0625
6 0.281725888325 0.404326923077 0.093062605753 0.0663461538462
6 0.343485617597 0.306730769231 0.087986463621 0.0461538461538
6 0.318104906937 0.206730769231 0.0947546531303 0.0557692307692
6 0.646362098139 0.26875 0.111675126904 0.0644230769231
6 0.439932318105 0.0677884615385 0.0913705583756 0.0586538461538
6 0.559221658206 0.0879807692308 0.0896785109983 0.0663461538462
