11 0.0774611398964 0.554650373388 0.135233160622 0.187372708758
11 0.182383419689 0.349966055669 0.130569948187 0.164969450102
11 0.285751295337 0.166666666667 0.10725388601 0.136456211813
11 0.764248704663 0.346911065852 0.174093264249 0.207739307536
11 0.653886010363 0.515953835709 0.152331606218 0.175152749491
10 0.922797927461 0.486422267481 0.146113989637 0.197556008147
10 0.70829015544 0.866259334691 0.152331606218 0.195519348269
11 0.284974093264 0.764426340801 0.146113989637 0.191446028513
11 0.44378238342 0.910047522064 0.127979274611 0.156822810591
10 0.553367875648 0.712491513917 0.160621761658 0.217922606925
11 0.824093264249 0.668703326544 0.132124352332 0.179226069246
