10 0.882129277567 0.83587398374 0.199619771863 0.210365853659
11 0.714591254753 0.838160569106 0.175380228137 0.1875
10 0.54538973384 0.852642276423 0.185836501901 0.207317073171
10 0.367633079848 0.869410569106 0.18108365019 0.204268292683
10 0.196530418251 0.883892276423 0.183935361217 0.193597560976
10 0.517585551331 0.551575203252 0.167300380228 0.199695121951
10 0.343393536122 0.569867886179 0.186787072243 0.199695121951
10 0.175142585551 0.576727642276 0.183935361217 0.198170731707
10 0.835788973384 0.216971544715 0.17252851711 0.182926829268
11 0.68536121673 0.533282520325 0.165399239544 0.175304878049
10 0.664686311787 0.231453252033 0.183935361217 0.1875
10 0.497623574144 0.245172764228 0.173003802281 0.190548780488
10 0.320579847909 0.264989837398 0.175380228137 0.184451219512
10 0.156606463878 0.27337398374 0.169676806084 0.192073170732
11 0.86644486692 0.572154471545 0.171102661597 0.167682926829
