10 0.410256410256 0.661246612466 0.483516483516 0.353658536585
10 0.480311355311 0.244579945799 0.436813186813 0.329268292683
12 0.296245421245 0.090108401084 0.259157509158 0.0636856368564
12 0.276098901099 0.133468834688 0.292124542125 0.0677506775068
12 0.321886446886 0.181571815718 0.222527472527 0.0433604336043
12 0.194139194139 0.401761517615 0.21978021978 0.0514905149051
12 0.638278388278 0.3777100271 0.0677655677656 0.159214092141
12 0.692307692308 0.530487804878 0.0934065934066 0.136856368564
12 0.779304029304 0.545054200542 0.0586080586081 0.114498644986
12 0.701007326007 0.407181571816 0.0430402930403 0.0718157181572
