11 0.533108108108 0.553385416667 0.335135135135 0.32421875
11 0.433783783784 0.270182291667 0.355405405405 0.34375
12 0.586486486486 0.954427083333 0.109459459459 0.07421875
12 0.742905405405 0.867513020833 0.0885135135135 0.064453125
12 0.921283783784 0.776041666667 0.142567567568 0.0872395833333
12 0.763851351351 0.1357421875 0.268243243243 0.111328125
12 0.393918918919 0.267903645833 0.227027027027 0.104817708333
12 0.107094594595 0.3759765625 0.211486486486 0.0930989583333
12 0.0820945945946 0.210286458333 0.146621621622 0.106770833333
12 0.135135135135 0.0618489583333 0.191891891892 0.0859375
12 0.337162162162 0.03515625 0.15 0.0690104166667
