12 0.759615384615 0.735894941634 0.17474916388 0.224708171206
12 0.667642140468 0.77140077821 0.17474916388 0.227626459144
12 0.583612040134 0.807392996109 0.177257525084 0.221789883268
12 0.506688963211 0.831225680934 0.140468227425 0.20719844358
12 0.739548494983 0.218871595331 0.0978260869565 0.24513618677
12 0.661371237458 0.262159533074 0.117056856187 0.232490272374
12 0.576923076923 0.301070038911 0.110367892977 0.216926070039
12 0.497491638796 0.347276264591 0.103678929766 0.20233463035
12 0.415551839465 0.391050583658 0.100334448161 0.18093385214
12 0.886705685619 0.29766536965 0.163043478261 0.091439688716
