10 0.448142414861 0.250912408759 0.303405572755 0.383211678832
10 0.203560371517 0.40602189781 0.30959752322 0.412408759124
11 0.527089783282 0.854927007299 0.260061919505 0.266423357664
11 0.794117647059 0.811131386861 0.283281733746 0.346715328467
11 0.732198142415 0.165145985401 0.267801857585 0.321167883212
12 0.796826625387 0.838047445255 0.366099071207 0.0775547445255
12 0.768188854489 0.617700729927 0.0394736842105 0.173357664234
12 0.727941176471 0.271441605839 0.0410216718266 0.135948905109
12 0.254256965944 0.592609489051 0.0518575851393 0.214416058394
12 0.245356037152 0.888229927007 0.0417956656347 0.143248175182
12 0.292182662539 0.888686131387 0.047213622291 0.217153284672
12 0.142027863777 0.0875912408759 0.0456656346749 0.169708029197
12 0.211687306502 0.627281021898 0.0565015479876 0.258211678832
