12 0.37866568915 0.824088145897 0.188416422287 0.0691489361702
12 0.524560117302 0.742781155015 0.233870967742 0.0737082066869
12 0.406891495601 0.670212765957 0.058651026393 0.158054711246
12 0.362903225806 0.714285714286 0.0410557184751 0.0957446808511
12 0.659090909091 0.403875379939 0.058651026393 0.186170212766
12 0.799120234604 0.450607902736 0.196480938416 0.0683890577508
12 0.900293255132 0.381458966565 0.0439882697947 0.109422492401
12 0.870234604106 0.229483282675 0.0527859237537 0.183890577508
12 0.83724340176 0.0672492401216 0.0410557184751 0.0995440729483
12 0.722507331378 0.0600303951368 0.113636363636 0.0516717325228
