12 0.489316239316 0.805792163543 0.135327635328 0.206132879046
12 0.546296296296 0.752129471891 0.136752136752 0.192504258944
12 0.439814814815 0.851788756388 0.130341880342 0.189097103918
12 0.210113960114 0.631175468484 0.146723646724 0.231686541738
12 0.699786324786 0.692930153322 0.178774928775 0.283645655877
12 0.779558404558 0.537904599659 0.167378917379 0.232538330494
12 0.908475783476 0.69804088586 0.0762108262108 0.120102214651
12 0.85754985755 0.722316865417 0.0712250712251 0.107325383305
12 0.832264957265 0.116269165247 0.113247863248 0.14395229983
12 0.230056980057 0.373083475298 0.173789173789 0.163543441227
12 0.553418803419 0.444633730835 0.0826210826211 0.12265758092
12 0.442307692308 0.261499148211 0.148148148148 0.231686541738
12 0.128205128205 0.18867120954 0.136752136752 0.137137989779
