12 0.23381294964 0.925626515764 0.029431000654 0.118027485853
12 0.218443427077 0.770412287793 0.0353172007848 0.163298302344
12 0.205035971223 0.617623282134 0.026814911707 0.10670978173
12 0.175604970569 0.713015359741 0.0477436232832 0.341147938561
12 0.469914977109 0.742926434923 0.0490516677567 0.270008084074
12 0.75408763898 0.103071948262 0.121648136037 0.0687146321746
12 0.883257030739 0.255052546483 0.0634401569653 0.330638641876
12 0.793328973185 0.603880355699 0.116415958143 0.0468876313662
12 0.938848920863 0.630557801132 0.114453891432 0.0436540016168
10 0.695225637672 0.582861762328 0.29038587312 0.357316087308
10 0.463047743623 0.538399353274 0.315238718116 0.400970088925
10 0.177894048398 0.50606305578 0.307390451275 0.413904607922
