12 0.902093180284 0.0806826997673 0.172856178258 0.0915438324282
12 0.756920999325 0.234290147401 0.0297096556381 0.136539953452
12 0.640108035111 0.230411171451 0.0391627278866 0.102404965089
12 0.611748818366 0.0961986035687 0.0513166779203 0.166020170675
10 0.799797434166 0.547711404189 0.30452397029 0.361520558573
10 0.311276164754 0.729247478666 0.288993923025 0.33048875097
12 0.434503713707 0.913498836307 0.100607697502 0.10783553142
12 0.557393652937 0.660589604344 0.178933153275 0.0845616757176
12 0.614787305874 0.709076803724 0.124915597569 0.121024049651
11 0.55773126266 0.629945694337 0.276839972991 0.299456943367
