8 0.159336099585 0.630255255255 0.280497925311 0.545795795796
8 0.363485477178 0.46509009009 0.346887966805 0.728978978979
8 0.613278008299 0.399024024024 0.348547717842 0.734984984985
8 0.852697095436 0.381756756757 0.286307053942 0.616366366366
8 0.842323651452 0.712462462462 0.132780082988 0.0720720720721
8 0.602489626556 0.772522522523 0.147717842324 0.0780780780781
8 0.36846473029 0.834834834835 0.127800829876 0.0705705705706
12 0.175518672199 0.949324324324 0.14356846473 0.0608108108108
12 0.463900414938 0.952327327327 0.0497925311203 0.0848348348348
12 0.724066390041 0.803678678679 0.422406639004 0.135885885886
12 0.692531120332 0.899774774775 0.339419087137 0.153903903904
