12 0.605445544554 0.834600760456 0.276237623762 0.155893536122
12 0.534653465347 0.720532319392 0.106930693069 0.074144486692
12 0.605445544554 0.660646387833 0.1 0.0912547528517
12 0.657920792079 0.577946768061 0.0940594059406 0.0817490494297
12 0.750495049505 0.405418250951 0.10495049505 0.0903041825095
12 0.803465346535 0.315589353612 0.107920792079 0.102661596958
12 0.864356435644 0.23716730038 0.138613861386 0.0884030418251
12 0.70297029703 0.492395437262 0.10099009901 0.0855513307985
12 0.532673267327 0.0817490494297 0.10297029703 0.138783269962
12 0.439108910891 0.45247148289 0.163366336634 0.110266159696
12 0.613366336634 0.218155893536 0.175247524752 0.158745247148
12 0.274257425743 0.648764258555 0.19603960396 0.173954372624
12 0.271287128713 0.750475285171 0.130693069307 0.0960076045627
12 0.0990099009901 0.644486692015 0.192079207921 0.133079847909
10 0.372772277228 0.76283269962 0.327722772277 0.329847908745
11 0.194059405941 0.523288973384 0.30495049505 0.320342205323
