12 0.0928927680798 0.628625472888 0.173316708229 0.379571248424
12 0.232543640898 0.692938209332 0.115960099751 0.21815889029
12 0.352244389027 0.713745271122 0.100997506234 0.206809583859
12 0.466957605985 0.764186633039 0.105985037406 0.174022698613
12 0.586658354115 0.813366960908 0.0935162094763 0.136191677175
12 0.812344139651 0.649432534678 0.133416458853 0.277427490542
12 0.690773067332 0.609709962169 0.129675810474 0.220680958386
12 0.576059850374 0.572509457755 0.0972568578554 0.19419924338
12 0.467581047382 0.534047919294 0.0922693266833 0.162673392182
12 0.468827930175 0.88209331652 0.558603491272 0.145018915511
