12 0.068524970964 0.200348432056 0.11149825784 0.198606271777
12 0.152729384437 0.404761904762 0.0569105691057 0.114982578397
12 0.0569105691057 0.49593495935 0.102206736353 0.0580720092915
12 0.135307781649 0.617886178862 0.0708478513357 0.199767711963
12 0.228222996516 0.635307781649 0.0731707317073 0.192799070848
12 0.585365853659 0.749709639954 0.104529616725 0.303135888502
12 0.591753774681 0.253193960511 0.119628339141 0.299651567944
12 0.660278745645 0.17537746806 0.0522648083624 0.176538908246
12 0.863530778165 0.243902439024 0.0708478513357 0.278745644599
10 0.552264808362 0.486643437863 0.365853658537 0.376306620209
