4 0.883333333333 0.770408163265 0.117283950617 0.18804664723
4 0.806790123457 0.703352769679 0.102469135802 0.161807580175
4 0.723456790123 0.649416909621 0.113580246914 0.155976676385
4 0.647530864198 0.586734693878 0.117283950617 0.17055393586
4 0.567901234568 0.528425655977 0.116049382716 0.16472303207
4 0.492592592593 0.475218658892 0.111111111111 0.154518950437
4 0.411111111111 0.41472303207 0.111111111111 0.155976676385
4 0.338888888889 0.35860058309 0.114814814815 0.183673469388
4 0.26049382716 0.312682215743 0.106172839506 0.179300291545
4 0.184567901235 0.248542274052 0.104938271605 0.167638483965
