1 0.601744186047 0.327759197324 0.590697674419 0.553511705686
1 0.332558139535 0.717391304348 0.533720930233 0.503344481605
4 0.802180232558 0.580267558528 0.0165697674419 0.0213210702341
4 0.795639534884 0.569397993311 0.0165697674419 0.0225752508361
4 0.788735465116 0.597721571906 0.0170058139535 0.0223662207358
4 0.782776162791 0.585911371237 0.0161337209302 0.0200668896321
4 0.775872093023 0.613607859532 0.0142441860465 0.0206939799331
4 0.769840116279 0.602424749164 0.0158430232558 0.0204849498328
4 0.762718023256 0.63106187291 0.015261627907 0.0217391304348
4 0.756540697674 0.620610367893 0.0148255813953 0.0225752508361
4 0.747238372093 0.65029264214 0.0168604651163 0.0221571906355
4 0.741424418605 0.639841137124 0.0148255813953 0.0221571906355
