2 0.6767578125 0.326283987915 0.359375 0.496978851964
4 0.8740234375 0.708459214502 0.08203125 0.101208459215
4 0.79443359375 0.708081570997 0.0771484375 0.101963746224
4 0.716796875 0.710347432024 0.068359375 0.0959214501511
4 0.6396484375 0.711858006042 0.072265625 0.0989425981873
4 0.55908203125 0.712235649547 0.0634765625 0.0996978851964
4 0.81494140625 0.865936555891 0.0556640625 0.0777945619335
4 0.74072265625 0.868202416918 0.0576171875 0.0793051359517
4 0.50146484375 0.873489425982 0.0712890625 0.0929003021148
4 0.42041015625 0.875377643505 0.0751953125 0.0966767371601
4 0.3408203125 0.874622356495 0.0703125 0.102719033233
4 0.39892578125 0.716012084592 0.0732421875 0.0891238670695
4 0.3203125 0.715256797583 0.06640625 0.0906344410876
4 0.244140625 0.717900302115 0.0703125 0.0898791540785
4 0.16748046875 0.720543806647 0.0615234375 0.0921450151057
