4 0.861445783133 0.823140495868 0.089156626506 0.204958677686
4 0.860843373494 0.620661157025 0.0855421686747 0.18347107438
4 0.859638554217 0.371900826446 0.0879518072289 0.228099173554
4 0.862048192771 0.137190082645 0.0831325301205 0.221487603306
4 0.771686746988 0.826446280992 0.0759036144578 0.198347107438
4 0.771084337349 0.61652892562 0.0795180722892 0.181818181818
4 0.771084337349 0.371074380165 0.0771084337349 0.236363636364
4 0.774698795181 0.135537190083 0.0795180722892 0.211570247934
4 0.686746987952 0.818181818182 0.0771084337349 0.198347107438
4 0.686144578313 0.614876033058 0.078313253012 0.19173553719
4 0.684337349398 0.365289256198 0.0795180722892 0.231404958678
4 0.687951807229 0.138016528926 0.0819277108434 0.209917355372
4 0.6 0.821487603306 0.0771084337349 0.198347107438
4 0.601204819277 0.618181818182 0.0771084337349 0.185123966942
4 0.599397590361 0.368595041322 0.078313253012 0.221487603306
4 0.598795180723 0.138016528926 0.0771084337349 0.209917355372
4 0.511445783133 0.819834710744 0.0855421686747 0.198347107438
4 0.507831325301 0.362809917355 0.0807228915663 0.21652892562
