2 0.715879265092 0.579384871155 0.523622047244 0.618453865337
4 0.362204724409 0.690773067332 0.0944881889764 0.109725685786
4 0.274278215223 0.690773067332 0.0866141732283 0.109725685786
4 0.192913385827 0.689110556941 0.0761154855643 0.113050706567
4 0.10498687664 0.692435577722 0.0944881889764 0.113050706567
4 0.363517060367 0.586866167914 0.0866141732283 0.104738154613
4 0.278215223097 0.585203657523 0.0944881889764 0.101413133832
4 0.186351706037 0.586034912718 0.0839895013123 0.103075644223
4 0.101049868766 0.586866167914 0.0971128608924 0.0980881130507
4 0.364829396325 0.487115544472 0.0997375328084 0.108063175395
4 0.275590551181 0.484621778886 0.0997375328084 0.106400665004
4 0.187664041995 0.480465502909 0.0866141732283 0.104738154613
4 0.102362204724 0.484621778886 0.0839895013123 0.109725685786
