2 0.49604622871 0.42674970344 0.253649635036 0.432384341637
4 0.935523114355 0.778173190985 0.0474452554745 0.0771055753262
4 0.938564476886 0.708185053381 0.0413625304136 0.0747330960854
4 0.894768856448 0.77846975089 0.0413625304136 0.076512455516
4 0.896897810219 0.706109134045 0.0419708029197 0.0717674970344
4 0.856447688564 0.77965599051 0.0425790754258 0.0729537366548
4 0.854927007299 0.706109134045 0.0456204379562 0.0717674970344
4 0.80596107056 0.780545670225 0.043795620438 0.0711743772242
4 0.80596107056 0.706702253855 0.043795620438 0.0729537366548
4 0.763381995134 0.7790628707 0.0413625304136 0.0741399762752
4 0.763381995134 0.70699881376 0.0425790754258 0.0723606168446
4 0.722931873479 0.779952550415 0.0419708029197 0.073546856465
4 0.723236009732 0.70699881376 0.0413625304136 0.073546856465
4 0.681873479319 0.778173190985 0.0401459854015 0.073546856465
4 0.68096107056 0.70699881376 0.0419708029197 0.0759193357058
4 0.635340632603 0.7790628707 0.0419708029197 0.0741399762752
4 0.633211678832 0.70521945433 0.0401459854015 0.073546856465
4 0.591849148418 0.778766310795 0.0377128953771 0.0711743772242
4 0.553832116788 0.777580071174 0.0419708029197 0.0711743772242
4 0.591849148418 0.70581257414 0.0413625304136 0.0747330960854
4 0.55200729927 0.704922894425 0.0383211678832 0.0729537366548
