2 0.344742063492 0.546453900709 0.550595238095 0.504255319149
4 0.74503968254 0.371276595745 0.115079365079 0.104255319149
4 0.807043650794 0.293262411348 0.0982142857143 0.0886524822695
4 0.687996031746 0.352127659574 0.0922619047619 0.0957446808511
4 0.749503968254 0.278014184397 0.0902777777778 0.0936170212766
4 0.686011904762 0.254964539007 0.0982142857143 0.0929078014184
4 0.640376984127 0.233687943262 0.0863095238095 0.0886524822695
4 0.637896825397 0.327659574468 0.0972222222222 0.102127659574
4 0.578869047619 0.306382978723 0.0922619047619 0.0936170212766
4 0.532738095238 0.28085106383 0.0892857142857 0.102127659574
4 0.474206349206 0.260992907801 0.0992063492063 0.102127659574
