9 0.108660130719 0.851775956284 0.106209150327 0.0696721311475
9 0.233660130719 0.747267759563 0.0980392156863 0.0573770491803
9 0.200163398693 0.643442622951 0.0996732026144 0.0546448087432
9 0.0964052287582 0.606557377049 0.0980392156863 0.0355191256831
9 0.281862745098 0.579234972678 0.112745098039 0.0655737704918
9 0.444444444444 0.587431693989 0.111111111111 0.0546448087432
9 0.482026143791 0.518442622951 0.107843137255 0.0532786885246
9 0.654411764706 0.475409836066 0.093137254902 0.0491803278689
9 0.621732026144 0.653005464481 0.106209150327 0.0601092896175
9 0.638071895425 0.789617486339 0.0964052287582 0.0601092896175
