9 0.66477809254 0.643061516452 0.0339943342776 0.0643776824034
9 0.616619452314 0.776824034335 0.0339943342776 0.071530758226
9 0.7313503305 0.170243204578 0.0443814919736 0.0543633762518
9 0.249291784703 0.134477825465 0.0472143531634 0.0572246065808
9 0.19641170916 0.103004291845 0.0491029272899 0.0457796852647
9 0.406043437205 0.886981402003 0.0453257790368 0.0400572246066
9 0.419735599622 0.81330472103 0.0368271954674 0.0386266094421
9 0.448536355052 0.789699570815 0.0415486307838 0.0429184549356
9 0.461284230406 0.760371959943 0.0368271954674 0.0386266094421
9 0.469782813975 0.726752503577 0.0406043437205 0.0457796852647
9 0.486779981114 0.693848354793 0.0462700661001 0.0515021459227
9 0.498111425873 0.658798283262 0.038715769594 0.0472103004292
9 0.509915014164 0.621602288984 0.0396600566572 0.0472103004292
9 0.519357884797 0.590128755365 0.0377714825307 0.0472103004292
9 0.475448536355 0.568669527897 0.0462700661001 0.0529327610873
9 0.483474976393 0.532188841202 0.0396600566572 0.0457796852647
9 0.539187913126 0.526466380544 0.0415486307838 0.0515021459227
9 0.497639282342 0.497138769671 0.0434372049103 0.0529327610873
