9 0.118755890669 0.306818181818 0.0508953817154 0.0539772727273
9 0.607445805844 0.125 0.0311027332705 0.0681818181818
9 0.561262959472 0.252840909091 0.0292177191329 0.0681818181818
9 0.446277097078 0.544744318182 0.0537229029218 0.0553977272727
9 0.365692742696 0.575284090909 0.0282752120641 0.0795454545455
9 0.571159283695 0.725852272727 0.0339302544769 0.0738636363636
9 0.714420358153 0.783380681818 0.0433553251649 0.0553977272727
9 0.326107445806 0.932528409091 0.0320452403393 0.0553977272727
9 0.304429783223 0.921875 0.0320452403393 0.0539772727273
9 0.267200754006 0.897017045455 0.0311027332705 0.0667613636364
9 0.218661639962 0.857244318182 0.0339302544769 0.0809659090909
9 0.1178133836 0.779829545455 0.0301602262017 0.0710227272727
9 0.0918944392083 0.768465909091 0.0329877474081 0.0795454545455
9 0.0678605089538 0.742897727273 0.0282752120641 0.0738636363636
9 0.0442978322337 0.721590909091 0.0301602262017 0.0653409090909
