9 0.691844300278 0.155444126074 0.0268767377201 0.0845272206304
9 0.690917516219 0.247134670487 0.0231696014829 0.0730659025788
9 0.424003707136 0.106733524355 0.0546802594995 0.0386819484241
9 0.668211306766 0.404011461318 0.0556070435589 0.0401146131805
9 0.47312326228 0.502865329513 0.0250231696015 0.080229226361
9 0.394346617238 0.510028653295 0.0250231696015 0.0744985673352
9 0.23030583874 0.513610315186 0.0287303058387 0.0873925501433
9 0.203429101019 0.515042979943 0.0287303058387 0.0816618911175
9 0.181186283596 0.519340974212 0.0250231696015 0.0787965616046
9 0.159406858202 0.523638968481 0.0222428174235 0.067335243553
9 0.137627432808 0.527220630372 0.0231696014829 0.0687679083095
9 0.0699721964782 0.635386819484 0.0250231696015 0.0644699140401
9 0.196941612604 0.863180515759 0.0342910101946 0.0616045845272
9 0.224745134384 0.872492836676 0.0305838739574 0.0601719197708
9 0.59453197405 0.127507163324 0.047265987025 0.0372492836676
