0 0.90735434575 0.858931552588 0.043935052531 0.0617696160267
0 0.845272206304 0.492487479132 0.0458452722063 0.180300500835
0 0.748806112703 0.76878130217 0.0343839541547 0.0784641068447
0 0.615568290353 0.922370617696 0.0372492836676 0.0784641068447
0 0.593600764088 0.752086811352 0.0315186246418 0.0550918196995
0 0.355778414518 0.911519198664 0.0238777459408 0.0734557595993
0 0.432664756447 0.62020033389 0.0401146131805 0.121869782972
0 0.3629417383 0.72203672788 0.0324737344795 0.105175292154
0 0.330945558739 0.237061769616 0.0888252148997 0.113522537563
0 0.234479465138 0.93489148581 0.0219675262655 0.0701168614357
0 0.158070678128 0.662771285476 0.0315186246418 0.110183639399
0 0.200095510984 0.243739565943 0.054441260745 0.173622704508
0 0.602674307545 0.0951585976628 0.043935052531 0.153589315526
