0 0.95816890292 0.747723132969 0.0394632991318 0.0746812386157
0 0.867403314917 0.554644808743 0.0489344909234 0.0673952641166
0 0.711917916338 0.688524590164 0.0505130228887 0.0619307832423
0 0.738358326756 0.284153005464 0.0623520126283 0.0837887067395
0 0.526045777427 0.807832422587 0.0686661404893 0.063752276867
0 0.483820047356 0.216757741348 0.0647198105762 0.0837887067395
0 0.382399368587 0.786885245902 0.0686661404893 0.0655737704918
0 0.282162588792 0.126593806922 0.0655090765588 0.0601092896175
0 0.17679558011 0.864298724954 0.0536700868193 0.0601092896175
0 0.114838200474 0.635701275046 0.060773480663 0.0546448087432
0 0.0473559589582 0.152094717668 0.0820836621942 0.063752276867
