0 0.925803792251 0.754919499106 0.0511129431162 0.0787119856887
0 0.878812860676 0.313059033989 0.0445177246496 0.0787119856887
0 0.434872217642 0.3228980322 0.0321516900247 0.0697674418605
0 0.294723825227 0.881932021467 0.0502885408079 0.0787119856887
0 0.301731244847 0.481216457961 0.0527617477329 0.103756708408
0 0.329348722176 0.161896243292 0.0321516900247 0.0697674418605
0 0.213932399011 0.228980322004 0.0370981038747 0.0787119856887
0 0.0989282769992 0.564400715564 0.0560593569662 0.112701252236
0 0.101401483924 0.316636851521 0.0478153338829 0.0894454382826
0 0.0515251442704 0.0688729874776 0.0321516900247 0.0697674418605
0 0.0610057708162 0.929338103757 0.0362737015664 0.0769230769231
0 0.441055234955 0.0402504472272 0.0445177246496 0.0697674418605
