0 0.879716981132 0.676731793961 0.0707547169811 0.0817051509769
0 0.619811320755 0.88809946714 0.0735849056604 0.0639431616341
0 0.760849056604 0.499111900533 0.0745283018868 0.0532859680284
0 0.857547169811 0.109236234458 0.0830188679245 0.0621669626998
0 0.566037735849 0.484014209591 0.0433962264151 0.0834813499112
0 0.560377358491 0.104795737123 0.0716981132075 0.131438721137
0 0.409433962264 0.893428063943 0.0547169811321 0.0426287744227
0 0.397641509434 0.585257548845 0.0707547169811 0.0657193605684
0 0.166981132075 0.793960923623 0.0490566037736 0.0461811722913
0 0.252358490566 0.234458259325 0.0537735849057 0.0426287744227
