8 0.943649373882 0.592459605027 0.08228980322 0.236983842011
8 0.843917710197 0.561938958707 0.0796064400716 0.258527827648
8 0.752683363148 0.584380610413 0.0491949910555 0.296229802513
8 0.684704830054 0.593357271095 0.0420393559928 0.310592459605
8 0.615384615385 0.591561938959 0.0429338103757 0.296229802513
8 0.549194991055 0.628366247756 0.0500894454383 0.236983842011
8 0.477191413238 0.608617594255 0.0581395348837 0.283662477558
8 0.40518783542 0.623877917415 0.0644007155635 0.274685816876
8 0.313059033989 0.573608617594 0.08228980322 0.245960502693
8 0.236583184258 0.501795332136 0.113595706619 0.224416517056
8 0.172182468694 0.408438061041 0.120751341682 0.138240574506
8 0.144007155635 0.262118491921 0.118067978533 0.0897666068223
8 0.135062611807 0.119389587074 0.0966010733453 0.0771992818671
