0 0.939189189189 0.368102995271 0.0598455598456 0.077246452969
0 0.894144144144 0.360483447189 0.0765765765766 0.0935365212822
0 0.666666666667 0.274303730951 0.0823680823681 0.0683131897005
0 0.648326898327 0.313189700473 0.0945945945946 0.0861797162375
0 0.582046332046 0.425643720441 0.124195624196 0.0514976353127
0 0.446589446589 0.38281660536 0.0785070785071 0.0320546505518
0 0.350386100386 0.340514976353 0.0675675675676 0.0304781923279
0 0.337837837838 0.369416710457 0.0579150579151 0.0336311087756
0 0.538288288288 0.564634787178 0.189832689833 0.073042564372
0 0.434041184041 0.730688386758 0.0765765765766 0.0320546505518
0 0.348455598456 0.702837624803 0.0765765765766 0.0299527062533
