10 0.450854700855 0.127001779359 0.25641025641 0.19884341637
11 0.455662393162 0.279137010676 0.25 0.214857651246
10 0.451655982906 0.445507117438 0.270833333333 0.205960854093
10 0.464476495726 0.607206405694 0.267628205128 0.202846975089
10 0.495726495726 0.764679715302 0.269230769231 0.205516014235
10 0.180822649573 0.79537366548 0.232371794872 0.194839857651
11 0.163194444444 0.628558718861 0.219551282051 0.184163701068
11 0.112713675214 0.152357651246 0.195512820513 0.161476868327
10 0.771367521368 0.271797153025 0.224358974359 0.186832740214
10 0.793002136752 0.427491103203 0.216346153846 0.172597864769
11 0.79780982906 0.587855871886 0.219551282051 0.174822064057
11 0.761752136752 0.11365658363 0.221153846154 0.169483985765
