10 0.83587398374 0.117870722433 0.210365853659 0.199619771863
11 0.838160569106 0.285408745247 0.1875 0.175380228137
10 0.852642276423 0.45461026616 0.207317073171 0.185836501901
10 0.869410569106 0.632366920152 0.204268292683 0.18108365019
10 0.883892276423 0.803469581749 0.193597560976 0.183935361217
10 0.551575203252 0.482414448669 0.199695121951 0.167300380228
10 0.569867886179 0.656606463878 0.199695121951 0.186787072243
10 0.576727642276 0.824857414449 0.198170731707 0.183935361217
10 0.216971544715 0.164211026616 0.182926829268 0.17252851711
11 0.533282520325 0.31463878327 0.175304878049 0.165399239544
10 0.231453252033 0.335313688213 0.1875 0.183935361217
10 0.245172764228 0.502376425856 0.190548780488 0.173003802281
10 0.264989837398 0.679420152091 0.184451219512 0.175380228137
10 0.27337398374 0.843393536122 0.192073170732 0.169676806084
11 0.572154471545 0.13355513308 0.167682926829 0.171102661597
