9 0.8585572843 0.924884792627 0.0792079207921 0.0341013824885
9 0.58981612447 0.833179723502 0.0565770862801 0.0552995391705
9 0.521216407355 0.865898617512 0.0551626591231 0.0506912442396
9 0.522630834512 0.734562211982 0.049504950495 0.0442396313364
9 0.439179632249 0.740092165899 0.049504950495 0.0423963133641
9 0.409476661952 0.695391705069 0.046676096181 0.0414746543779
9 0.429985855728 0.590783410138 0.0537482319661 0.0479262672811
9 0.337340876945 0.588479262673 0.0523338048091 0.0470046082949
9 0.301272984441 0.536405529954 0.0537482319661 0.0479262672811
9 0.130127298444 0.28801843318 0.0509193776521 0.0488479262673
9 0.221357850071 0.289400921659 0.0523338048091 0.0442396313364
9 0.275813295615 0.197695852535 0.0792079207921 0.0359447004608
9 0.421499292786 0.161290322581 0.0792079207921 0.0294930875576
9 0.600424328147 0.148387096774 0.0834512022631 0.0239631336406
9 0.819660537482 0.0880184331797 0.0834512022631 0.0267281105991
