9 0.106837606838 0.47425093633 0.0541310541311 0.0308988764045
9 0.143162393162 0.48829588015 0.0669515669516 0.0383895131086
9 0.19943019943 0.51638576779 0.0740740740741 0.0477528089888
9 0.225783475783 0.534176029963 0.0612535612536 0.0383895131086
9 0.521367521368 0.779026217228 0.0712250712251 0.0393258426966
9 0.496438746439 0.550561797753 0.0612535612536 0.0374531835206
9 0.621082621083 0.475187265918 0.0569800569801 0.0458801498127
9 0.655982905983 0.49297752809 0.0555555555556 0.0421348314607
9 0.722222222222 0.703183520599 0.0541310541311 0.0411985018727
9 0.779202279202 0.753277153558 0.048433048433 0.0402621722846
9 0.840455840456 0.806647940075 0.0626780626781 0.0514981273408
