0 0.155913978495 0.0681265206813 0.0931899641577 0.0356853203569
0 0.438172043011 0.104622871046 0.116487455197 0.0583941605839
0 0.362903225806 0.236415247364 0.094982078853 0.0413625304136
0 0.770609318996 0.298864557989 0.114695340502 0.0381184103812
0 0.923835125448 0.447283049473 0.0627240143369 0.0462287104623
0 0.6729390681 0.541768045418 0.116487455197 0.0373073803731
0 0.509856630824 0.569343065693 0.0913978494624 0.0616382806164
0 0.235663082437 0.440794809408 0.0555555555556 0.0673154906732
0 0.863799283154 0.67396593674 0.0573476702509 0.0454176804542
0 0.806451612903 0.734387672344 0.0537634408602 0.0462287104623
0 0.531362007168 0.76196269262 0.0483870967742 0.0494728304947
0 0.178315412186 0.714922952149 0.120071684588 0.0559610705596
0 0.844982078853 0.829278183293 0.0591397849462 0.0397404703974
0 0.694444444444 0.882806163828 0.0448028673835 0.0381184103812
0 0.73835125448 0.936334144363 0.0681003584229 0.0332522303325
