0 0.754919499106 0.0741962077494 0.0787119856887 0.0511129431162
0 0.313059033989 0.121187139324 0.0787119856887 0.0445177246496
0 0.3228980322 0.565127782358 0.0697674418605 0.0321516900247
0 0.881932021467 0.705276174773 0.0787119856887 0.0502885408079
0 0.481216457961 0.698268755153 0.103756708408 0.0527617477329
0 0.161896243292 0.670651277824 0.0697674418605 0.0321516900247
0 0.228980322004 0.786067600989 0.0787119856887 0.0370981038747
0 0.564400715564 0.901071723001 0.112701252236 0.0560593569662
0 0.316636851521 0.898598516076 0.0894454382826 0.0478153338829
0 0.0688729874776 0.94847485573 0.0697674418605 0.0321516900247
0 0.929338103757 0.938994229184 0.0769230769231 0.0362737015664
0 0.0402504472272 0.558944765045 0.0697674418605 0.0445177246496
