0 0.9114490161 0.0739583333333 0.0447227191413 0.0729166666667
0 0.660107334526 0.0838541666667 0.0894454382826 0.0677083333333
0 0.40518783542 0.0192708333333 0.0661896243292 0.0302083333333
0 0.3228980322 0.148958333333 0.112701252236 0.0395833333333
0 0.710196779964 0.395833333333 0.08228980322 0.0854166666667
0 0.254919499106 0.361458333333 0.152057245081 0.0854166666667
0 0.868515205725 0.546875 0.0590339892665 0.0520833333333
0 0.440071556351 0.619791666667 0.153846153846 0.0479166666667
0 0.139534883721 0.605208333333 0.132379248658 0.0458333333333
0 0.883720930233 0.719270833333 0.0966010733453 0.0572916666667
