0 0.858931552588 0.0926456542502 0.0617696160267 0.043935052531
0 0.492487479132 0.154727793696 0.180300500835 0.0458452722063
0 0.76878130217 0.251193887297 0.0784641068447 0.0343839541547
0 0.922370617696 0.384431709647 0.0784641068447 0.0372492836676
0 0.752086811352 0.406399235912 0.0550918196995 0.0315186246418
0 0.911519198664 0.644221585482 0.0734557595993 0.0238777459408
0 0.62020033389 0.567335243553 0.121869782972 0.0401146131805
0 0.72203672788 0.6370582617 0.105175292154 0.0324737344795
0 0.237061769616 0.669054441261 0.113522537563 0.0888252148997
0 0.93489148581 0.765520534862 0.0701168614357 0.0219675262655
0 0.662771285476 0.841929321872 0.110183639399 0.0315186246418
0 0.243739565943 0.799904489016 0.173622704508 0.054441260745
0 0.0951585976628 0.397325692455 0.153589315526 0.043935052531
