0 0.747723132969 0.0418310970797 0.0746812386157 0.0394632991318
0 0.554644808743 0.132596685083 0.0673952641166 0.0489344909234
0 0.688524590164 0.288082083662 0.0619307832423 0.0505130228887
0 0.284153005464 0.261641673244 0.0837887067395 0.0623520126283
0 0.807832422587 0.473954222573 0.063752276867 0.0686661404893
0 0.216757741348 0.516179952644 0.0837887067395 0.0647198105762
0 0.786885245902 0.617600631413 0.0655737704918 0.0686661404893
0 0.126593806922 0.717837411208 0.0601092896175 0.0655090765588
0 0.864298724954 0.82320441989 0.0601092896175 0.0536700868193
0 0.635701275046 0.885161799526 0.0546448087432 0.060773480663
0 0.152094717668 0.952644041042 0.063752276867 0.0820836621942
