0 0.133273703041 0.067283431455 0.116279069767 0.0353238015139
0 0.525044722719 0.227502102607 0.0769230769231 0.0210260723297
0 0.248658318426 0.256518082422 0.0894454382826 0.0235492010093
0 0.674418604651 0.451640033642 0.093023255814 0.026913372582
0 0.225402504472 0.422624053827 0.0966010733453 0.0227081581161
0 0.846153846154 0.571068124474 0.0679785330948 0.0504625735913
0 0.636851520572 0.581581160639 0.0679785330948 0.0311185870479
0 0.749552772809 0.796047098402 0.0572450805009 0.0580319596299
0 0.749552772809 0.918418839361 0.046511627907 0.0521446593776
0 0.44633273703 0.680824222035 0.119856887299 0.0428931875526
0 0.462432915921 0.902859545837 0.087656529517 0.0782169890664
0 0.167262969589 0.900336417157 0.0733452593918 0.0462573591253
