8 0.431737588652 0.17539964476 0.186170212766 0.13055062167
8 0.301418439716 0.13188277087 0.18085106383 0.137655417407
8 0.830673758865 0.452930728242 0.136524822695 0.0746003552398
8 0.829787234043 0.553285968028 0.156028368794 0.0586145648313
8 0.837765957447 0.646536412078 0.16134751773 0.0586145648313
8 0.855496453901 0.724245115453 0.16134751773 0.0666074600355
8 0.868794326241 0.796181172291 0.152482269504 0.063055062167
8 0.889184397163 0.849023090586 0.168439716312 0.0479573712256
8 0.421985815603 0.766873889876 0.205673758865 0.0577264653641
8 0.526595744681 0.879662522202 0.0886524822695 0.095026642984
8 0.381205673759 0.883214920071 0.0886524822695 0.134103019538
