8 0.574074074074 0.18771331058 0.100529100529 0.0665529010239
8 0.470899470899 0.148037542662 0.0811287477954 0.101535836177
8 0.538800705467 0.263225255973 0.220458553792 0.0725255972696
8 0.521164021164 0.351535836177 0.238095238095 0.0733788395904
8 0.352733686067 0.176194539249 0.10582010582 0.198805460751
8 0.514109347443 0.441126279863 0.195767195767 0.0511945392491
8 0.467372134039 0.508105802048 0.243386243386 0.0537542662116
8 0.283950617284 0.463310580205 0.123456790123 0.167235494881
8 0.457671957672 0.582337883959 0.343915343915 0.0503412969283
8 0.743386243386 0.836604095563 0.231040564374 0.133959044369
8 0.547619047619 0.762798634812 0.343915343915 0.165529010239
8 0.496472663139 0.893344709898 0.266313932981 0.151877133106
