8 0.889784946237 0.174264007597 0.0448028673835 0.0978157644824
8 0.812724014337 0.177113010446 0.0627240143369 0.0959164292498
8 0.709677419355 0.174264007597 0.0716845878136 0.0959164292498
8 0.579749103943 0.17094017094 0.0770609318996 0.102564102564
8 0.429211469534 0.160018993352 0.094982078853 0.109211775878
8 0.239247311828 0.141500474834 0.141577060932 0.0968660968661
8 0.898745519713 0.374169040836 0.112903225806 0.0550807217474
8 0.890681003584 0.443969610636 0.143369175627 0.0503323836657
8 0.748207885305 0.420227920228 0.073476702509 0.0997150997151
8 0.422043010753 0.821462488129 0.073476702509 0.0683760683761
8 0.307347670251 0.828110161443 0.0770609318996 0.0930674264008
8 0.172043010753 0.84710351377 0.10394265233 0.106362773029
