0 0.943290734824 0.0712900096993 0.0654952076677 0.0882638215325
0 0.871405750799 0.0678952473327 0.055910543131 0.0601357904947
0 0.904952076677 0.15518913676 0.0495207667732 0.0717749757517
0 0.86821086262 0.226964112512 0.0591054313099 0.0756547041707
0 0.73482428115 0.290979631426 0.0830670926518 0.0989330746848
0 0.626198083067 0.409796314258 0.102236421725 0.0921435499515
0 0.634984025559 0.526188166828 0.0846645367412 0.074684772066
0 0.51517571885 0.644519883608 0.126198083067 0.111542192047
0 0.356230031949 0.779340446169 0.153354632588 0.113482056256
0 0.226837060703 0.743452958293 0.172523961661 0.094083414161
