0 0.0608108108108 0.631897004729 0.0598455598456 0.077246452969
0 0.105855855856 0.639516552811 0.0765765765766 0.0935365212822
0 0.333333333333 0.725696269049 0.0823680823681 0.0683131897005
0 0.351673101673 0.686810299527 0.0945945945946 0.0861797162375
0 0.417953667954 0.574356279559 0.124195624196 0.0514976353127
0 0.553410553411 0.61718339464 0.0785070785071 0.0320546505518
0 0.649613899614 0.659485023647 0.0675675675676 0.0304781923279
0 0.662162162162 0.630583289543 0.0579150579151 0.0336311087756
0 0.461711711712 0.435365212822 0.189832689833 0.073042564372
0 0.565958815959 0.269311613242 0.0765765765766 0.0320546505518
0 0.651544401544 0.297162375197 0.0765765765766 0.0299527062533
