9 0.148224043716 0.108660130719 0.0696721311475 0.106209150327
9 0.252732240437 0.233660130719 0.0573770491803 0.0980392156863
9 0.356557377049 0.200163398693 0.0546448087432 0.0996732026144
9 0.393442622951 0.0964052287582 0.0355191256831 0.0980392156863
9 0.420765027322 0.281862745098 0.0655737704918 0.112745098039
9 0.412568306011 0.444444444444 0.0546448087432 0.111111111111
9 0.481557377049 0.482026143791 0.0532786885246 0.107843137255
9 0.524590163934 0.654411764706 0.0491803278689 0.093137254902
9 0.346994535519 0.621732026144 0.0601092896175 0.106209150327
9 0.210382513661 0.638071895425 0.0601092896175 0.0964052287582
