9 0.356938483548 0.66477809254 0.0643776824034 0.0339943342776
9 0.223175965665 0.616619452314 0.071530758226 0.0339943342776
9 0.829756795422 0.7313503305 0.0543633762518 0.0443814919736
9 0.865522174535 0.249291784703 0.0572246065808 0.0472143531634
9 0.896995708155 0.19641170916 0.0457796852647 0.0491029272899
9 0.113018597997 0.406043437205 0.0400572246066 0.0453257790368
9 0.18669527897 0.419735599622 0.0386266094421 0.0368271954674
9 0.210300429185 0.448536355052 0.0429184549356 0.0415486307838
9 0.239628040057 0.461284230406 0.0386266094421 0.0368271954674
9 0.273247496423 0.469782813975 0.0457796852647 0.0406043437205
9 0.306151645207 0.486779981114 0.0515021459227 0.0462700661001
9 0.341201716738 0.498111425873 0.0472103004292 0.038715769594
9 0.378397711016 0.509915014164 0.0472103004292 0.0396600566572
9 0.409871244635 0.519357884797 0.0472103004292 0.0377714825307
9 0.431330472103 0.475448536355 0.0529327610873 0.0462700661001
9 0.467811158798 0.483474976393 0.0457796852647 0.0396600566572
9 0.473533619456 0.539187913126 0.0515021459227 0.0415486307838
9 0.502861230329 0.497639282342 0.0529327610873 0.0434372049103
