9 0.1414427157 0.0751152073733 0.0792079207921 0.0341013824885
9 0.41018387553 0.166820276498 0.0565770862801 0.0552995391705
9 0.478783592645 0.134101382488 0.0551626591231 0.0506912442396
9 0.477369165488 0.265437788018 0.049504950495 0.0442396313364
9 0.560820367751 0.259907834101 0.049504950495 0.0423963133641
9 0.590523338048 0.304608294931 0.046676096181 0.0414746543779
9 0.570014144272 0.409216589862 0.0537482319661 0.0479262672811
9 0.662659123055 0.411520737327 0.0523338048091 0.0470046082949
9 0.698727015559 0.463594470046 0.0537482319661 0.0479262672811
9 0.869872701556 0.71198156682 0.0509193776521 0.0488479262673
9 0.778642149929 0.710599078341 0.0523338048091 0.0442396313364
9 0.724186704385 0.802304147465 0.0792079207921 0.0359447004608
9 0.578500707214 0.838709677419 0.0792079207921 0.0294930875576
9 0.399575671853 0.851612903226 0.0834512022631 0.0239631336406
9 0.180339462518 0.91198156682 0.0834512022631 0.0267281105991
