9 0.550147492625 0.823199251637 0.0589970501475 0.044901777362
9 0.134955752212 0.83021515435 0.0693215339233 0.0495790458372
9 0.237463126844 0.750233863424 0.0737463126844 0.0318054256314
9 0.262536873156 0.729186155285 0.0737463126844 0.0327408793265
9 0.262536873156 0.538821328344 0.0796460176991 0.0561272217025
9 0.503687315634 0.480355472404 0.0752212389381 0.0308699719364
9 0.550147492625 0.432647333957 0.0737463126844 0.0327408793265
9 0.574483775811 0.413002806361 0.0663716814159 0.0289990645463
9 0.699115044248 0.265201122544 0.0678466076696 0.0289990645463
9 0.751474926254 0.227315247895 0.0752212389381 0.0336763330215
9 0.910766961652 0.089803554724 0.0634218289086 0.0280636108513
9 0.200589970501 0.11131898971 0.0737463126844 0.0318054256314
9 0.233038348083 0.0612722170253 0.070796460177 0.0327408793265
9 0.279498525074 0.0196445275959 0.0752212389381 0.0318054256314
