0 0.866726296959 0.932716568545 0.116279069767 0.0353238015139
0 0.474955277281 0.772497897393 0.0769230769231 0.0210260723297
0 0.751341681574 0.743481917578 0.0894454382826 0.0235492010093
0 0.325581395349 0.548359966358 0.093023255814 0.026913372582
0 0.774597495528 0.577375946173 0.0966010733453 0.0227081581161
0 0.153846153846 0.428931875526 0.0679785330948 0.0504625735913
0 0.363148479428 0.418418839361 0.0679785330948 0.0311185870479
0 0.250447227191 0.203952901598 0.0572450805009 0.0580319596299
0 0.250447227191 0.0815811606392 0.046511627907 0.0521446593776
0 0.55366726297 0.319175777965 0.119856887299 0.0428931875526
0 0.537567084079 0.0971404541632 0.087656529517 0.0782169890664
0 0.832737030411 0.0996635828427 0.0733452593918 0.0462573591253
