0 0.252276867031 0.95816890292 0.0746812386157 0.0394632991318
0 0.445355191257 0.867403314917 0.0673952641166 0.0489344909234
0 0.311475409836 0.711917916338 0.0619307832423 0.0505130228887
0 0.715846994536 0.738358326756 0.0837887067395 0.0623520126283
0 0.192167577413 0.526045777427 0.063752276867 0.0686661404893
0 0.783242258652 0.483820047356 0.0837887067395 0.0647198105762
0 0.213114754098 0.382399368587 0.0655737704918 0.0686661404893
0 0.873406193078 0.282162588792 0.0601092896175 0.0655090765588
0 0.135701275046 0.17679558011 0.0601092896175 0.0536700868193
0 0.364298724954 0.114838200474 0.0546448087432 0.060773480663
0 0.847905282332 0.0473559589582 0.063752276867 0.0820836621942
