0 0.245080500894 0.925803792251 0.0787119856887 0.0511129431162
0 0.686940966011 0.878812860676 0.0787119856887 0.0445177246496
0 0.6771019678 0.434872217642 0.0697674418605 0.0321516900247
0 0.118067978533 0.294723825227 0.0787119856887 0.0502885408079
0 0.518783542039 0.301731244847 0.103756708408 0.0527617477329
0 0.838103756708 0.329348722176 0.0697674418605 0.0321516900247
0 0.771019677996 0.213932399011 0.0787119856887 0.0370981038747
0 0.435599284436 0.0989282769992 0.112701252236 0.0560593569662
0 0.683363148479 0.101401483924 0.0894454382826 0.0478153338829
0 0.931127012522 0.0515251442704 0.0697674418605 0.0321516900247
0 0.0706618962433 0.0610057708162 0.0769230769231 0.0362737015664
0 0.959749552773 0.441055234955 0.0697674418605 0.0445177246496
