0 0.323268206039 0.879716981132 0.0817051509769 0.0707547169811
0 0.11190053286 0.619811320755 0.0639431616341 0.0735849056604
0 0.500888099467 0.760849056604 0.0532859680284 0.0745283018868
0 0.890763765542 0.857547169811 0.0621669626998 0.0830188679245
0 0.515985790409 0.566037735849 0.0834813499112 0.0433962264151
0 0.895204262877 0.560377358491 0.131438721137 0.0716981132075
0 0.106571936057 0.409433962264 0.0426287744227 0.0547169811321
0 0.414742451155 0.397641509434 0.0657193605684 0.0707547169811
0 0.206039076377 0.166981132075 0.0461811722913 0.0490566037736
0 0.765541740675 0.252358490566 0.0426287744227 0.0537735849057
