0 0.0567092651757 0.928709990301 0.0654952076677 0.0882638215325
0 0.128594249201 0.932104752667 0.055910543131 0.0601357904947
0 0.0950479233227 0.84481086324 0.0495207667732 0.0717749757517
0 0.13178913738 0.773035887488 0.0591054313099 0.0756547041707
0 0.26517571885 0.709020368574 0.0830670926518 0.0989330746848
0 0.373801916933 0.590203685742 0.102236421725 0.0921435499515
0 0.365015974441 0.473811833172 0.0846645367412 0.074684772066
0 0.48482428115 0.355480116392 0.126198083067 0.111542192047
0 0.643769968051 0.220659553831 0.153354632588 0.113482056256
0 0.773162939297 0.256547041707 0.172523961661 0.094083414161
