8 0.522471910112 0.873031496063 0.16532905297 0.125984251969
8 0.443820224719 0.78592519685 0.16532905297 0.10531496063
8 0.361155698234 0.705708661417 0.166934189406 0.0964566929134
8 0.290529695024 0.633858267717 0.131621187801 0.0846456692913
8 0.15569823435 0.53937007874 0.22150882825 0.0787401574803
8 0.16532905297 0.462598425197 0.22150882825 0.0649606299213
8 0.167736757624 0.401082677165 0.210272873194 0.0620078740157
8 0.170144462279 0.343503937008 0.202247191011 0.0531496062992
8 0.168539325843 0.292322834646 0.208667736758 0.0452755905512
8 0.176565008026 0.244586614173 0.211878009631 0.0383858267717
8 0.175762439807 0.199803149606 0.219903691814 0.0393700787402
8 0.177367576244 0.156988188976 0.22632423756 0.0423228346457
8 0.342696629213 0.257874015748 0.0593900481541 0.161417322835
8 0.414125200642 0.20718503937 0.083467094703 0.258858267717
8 0.499197431782 0.209645669291 0.0866773675762 0.257874015748
8 0.593900481541 0.202755905512 0.083467094703 0.265748031496
8 0.702247191011 0.20374015748 0.104333868379 0.279527559055
8 0.819422150883 0.200295275591 0.101123595506 0.294291338583
