0 0.631897004729 0.939189189189 0.077246452969 0.0598455598456
0 0.639516552811 0.894144144144 0.0935365212822 0.0765765765766
0 0.725696269049 0.666666666667 0.0683131897005 0.0823680823681
0 0.686810299527 0.648326898327 0.0861797162375 0.0945945945946
0 0.574356279559 0.582046332046 0.0514976353127 0.124195624196
0 0.61718339464 0.446589446589 0.0320546505518 0.0785070785071
0 0.659485023647 0.350386100386 0.0304781923279 0.0675675675676
0 0.630583289543 0.337837837838 0.0336311087756 0.0579150579151
0 0.435365212822 0.538288288288 0.073042564372 0.189832689833
0 0.269311613242 0.434041184041 0.0320546505518 0.0765765765766
0 0.297162375197 0.348455598456 0.0299527062533 0.0765765765766
