8 0.649274047187 0.909090909091 0.0934664246824 0.0754716981132
8 0.544010889292 0.90051457976 0.117059891107 0.0720411663808
8 0.654718693285 0.80102915952 0.111615245009 0.0754716981132
8 0.531306715064 0.82590051458 0.142468239564 0.0909090909091
8 0.662885662432 0.673241852487 0.11887477314 0.073756432247
8 0.503629764065 0.697255574614 0.176043557169 0.0771869639794
8 0.65108892922 0.555746140652 0.140653357532 0.0720411663808
8 0.480943738657 0.560034305317 0.112522686025 0.0840480274443
8 0.597096188748 0.430531732419 0.201451905626 0.0514579759863
8 0.555353901996 0.331046312178 0.13611615245 0.0617495711835
8 0.36887477314 0.540308747856 0.062613430127 0.120068610635
8 0.458711433757 0.295025728988 0.0553539019964 0.140651801029
