8 0.953364817001 0.606271777003 0.0436835891381 0.146341463415
8 0.890791027155 0.59756097561 0.0507674144038 0.16724738676
8 0.831168831169 0.599303135889 0.0519480519481 0.16724738676
8 0.764462809917 0.606271777003 0.0484061393152 0.160278745645
8 0.695985832349 0.6106271777 0.0507674144038 0.158536585366
8 0.621015348288 0.619337979094 0.0613931523022 0.162020905923
8 0.547225501771 0.62456445993 0.0625737898465 0.172473867596
8 0.467532467532 0.629790940767 0.0661157024793 0.158536585366
8 0.360094451004 0.634146341463 0.073199527745 0.16724738676
8 0.263872491145 0.640243902439 0.0909090909091 0.182926829268
8 0.138724911452 0.6393728223 0.0838252656434 0.15331010453
8 0.0436835891381 0.647212543554 0.0779220779221 0.158536585366
