9 0.0751152073733 0.8585572843 0.0341013824885 0.0792079207921
9 0.166820276498 0.58981612447 0.0552995391705 0.0565770862801
9 0.134101382488 0.521216407355 0.0506912442396 0.0551626591231
9 0.265437788018 0.522630834512 0.0442396313364 0.049504950495
9 0.259907834101 0.439179632249 0.0423963133641 0.049504950495
9 0.304608294931 0.409476661952 0.0414746543779 0.046676096181
9 0.409216589862 0.429985855728 0.0479262672811 0.0537482319661
9 0.411520737327 0.337340876945 0.0470046082949 0.0523338048091
9 0.463594470046 0.301272984441 0.0479262672811 0.0537482319661
9 0.71198156682 0.130127298444 0.0488479262673 0.0509193776521
9 0.710599078341 0.221357850071 0.0442396313364 0.0523338048091
9 0.802304147465 0.275813295615 0.0359447004608 0.0792079207921
9 0.838709677419 0.421499292786 0.0294930875576 0.0792079207921
9 0.851612903226 0.600424328147 0.0239631336406 0.0834512022631
9 0.91198156682 0.819660537482 0.0267281105991 0.0834512022631
