9 0.52574906367 0.106837606838 0.0308988764045 0.0541310541311
9 0.51170411985 0.143162393162 0.0383895131086 0.0669515669516
9 0.48361423221 0.19943019943 0.0477528089888 0.0740740740741
9 0.465823970037 0.225783475783 0.0383895131086 0.0612535612536
9 0.220973782772 0.521367521368 0.0393258426966 0.0712250712251
9 0.449438202247 0.496438746439 0.0374531835206 0.0612535612536
9 0.524812734082 0.621082621083 0.0458801498127 0.0569800569801
9 0.50702247191 0.655982905983 0.0421348314607 0.0555555555556
9 0.296816479401 0.722222222222 0.0411985018727 0.0541310541311
9 0.246722846442 0.779202279202 0.0402621722846 0.048433048433
9 0.193352059925 0.840455840456 0.0514981273408 0.0626780626781
