9 0.230510105871 0.686246418338 0.0490856592878 0.0487106017192
9 0.44562078922 0.633954154728 0.0269489894129 0.0845272206304
9 0.545235803657 0.582378223496 0.0279114533205 0.0759312320917
9 0.537054860443 0.492836676218 0.0327237728585 0.103151862464
9 0.524542829644 0.291547277937 0.0269489894129 0.0787965616046
9 0.746390760346 0.778653295129 0.0567853705486 0.0558739255014
9 0.813282001925 0.558739255014 0.0327237728585 0.0716332378223
9 0.827237728585 0.343839541547 0.0317613089509 0.0744985673352
9 0.870067372474 0.391833810888 0.0327237728585 0.0702005730659
9 0.922521655438 0.421919770774 0.0336862367661 0.0702005730659
9 0.89749759384 0.87893982808 0.051010587103 0.0444126074499
9 0.90375360924 0.841690544413 0.046198267565 0.041547277937
9 0.908565928778 0.797994269341 0.0442733397498 0.0487106017192
9 0.910972088547 0.752148997135 0.0471607314726 0.0515759312321
