0 0.906040268456 0.841312056738 0.0453020134228 0.0691489361702
0 0.798657718121 0.93085106383 0.0369127516779 0.0567375886525
0 0.892197986577 0.426418439716 0.0343959731544 0.0585106382979
0 0.659395973154 0.804078014184 0.0335570469799 0.0549645390071
0 0.717701342282 0.636524822695 0.0528523489933 0.0780141843972
0 0.659395973154 0.44414893617 0.0536912751678 0.0656028368794
0 0.415268456376 0.829787234043 0.0419463087248 0.0531914893617
0 0.513842281879 0.438829787234 0.0444630872483 0.0549645390071
0 0.369546979866 0.295212765957 0.0612416107383 0.0620567375887
0 0.307466442953 0.891843971631 0.0444630872483 0.0460992907801
0 0.205956375839 0.73670212766 0.0545302013423 0.0514184397163
0 0.055788590604 0.820035460993 0.0746644295302 0.0478723404255
0 0.593959731544 0.0478723404255 0.0604026845638 0.0709219858156
