0 0.926041666667 0.9114490161 0.0729166666667 0.0447227191413
0 0.916145833333 0.660107334526 0.0677083333333 0.0894454382826
0 0.980729166667 0.40518783542 0.0302083333333 0.0661896243292
0 0.851041666667 0.3228980322 0.0395833333333 0.112701252236
0 0.604166666667 0.710196779964 0.0854166666667 0.08228980322
0 0.638541666667 0.254919499106 0.0854166666667 0.152057245081
0 0.453125 0.868515205725 0.0520833333333 0.0590339892665
0 0.380208333333 0.440071556351 0.0479166666667 0.153846153846
0 0.394791666667 0.139534883721 0.0458333333333 0.132379248658
0 0.280729166667 0.883720930233 0.0572916666667 0.0966010733453
