0 0.931873479319 0.155913978495 0.0356853203569 0.0931899641577
0 0.895377128954 0.438172043011 0.0583941605839 0.116487455197
0 0.763584752636 0.362903225806 0.0413625304136 0.094982078853
0 0.701135442011 0.770609318996 0.0381184103812 0.114695340502
0 0.552716950527 0.923835125448 0.0462287104623 0.0627240143369
0 0.458231954582 0.6729390681 0.0373073803731 0.116487455197
0 0.430656934307 0.509856630824 0.0616382806164 0.0913978494624
0 0.559205190592 0.235663082437 0.0673154906732 0.0555555555556
0 0.32603406326 0.863799283154 0.0454176804542 0.0573476702509
0 0.265612327656 0.806451612903 0.0462287104623 0.0537634408602
0 0.23803730738 0.531362007168 0.0494728304947 0.0483870967742
0 0.285077047851 0.178315412186 0.0559610705596 0.120071684588
0 0.170721816707 0.844982078853 0.0397404703974 0.0591397849462
0 0.117193836172 0.694444444444 0.0381184103812 0.0448028673835
0 0.0636658556367 0.73835125448 0.0332522303325 0.0681003584229
