8 0.668085106383 0.80990990991 0.0382978723404 0.185585585586
8 0.728723404255 0.743243243243 0.159574468085 0.0594594594595
8 0.737765957447 0.598198198198 0.162765957447 0.0972972972973
8 0.766489361702 0.454054054054 0.13085106383 0.0720720720721
8 0.582446808511 0.477477477477 0.198936170213 0.0576576576577
8 0.548936170213 0.918018018018 0.112765957447 0.0666666666667
8 0.544680851064 0.782882882883 0.131914893617 0.0954954954955
8 0.549468085106 0.618918918919 0.141489361702 0.102702702703
8 0.367553191489 0.895495495495 0.128723404255 0.108108108108
8 0.351063829787 0.71981981982 0.134042553191 0.106306306306
8 0.340425531915 0.553153153153 0.13829787234 0.100900900901
8 0.332978723404 0.379279279279 0.142553191489 0.106306306306
8 0.298936170213 0.227927927928 0.204255319149 0.0666666666667
