8 0.82460035524 0.431737588652 0.13055062167 0.186170212766
8 0.86811722913 0.301418439716 0.137655417407 0.18085106383
8 0.547069271758 0.830673758865 0.0746003552398 0.136524822695
8 0.446714031972 0.829787234043 0.0586145648313 0.156028368794
8 0.353463587922 0.837765957447 0.0586145648313 0.16134751773
8 0.275754884547 0.855496453901 0.0666074600355 0.16134751773
8 0.203818827709 0.868794326241 0.063055062167 0.152482269504
8 0.150976909414 0.889184397163 0.0479573712256 0.168439716312
8 0.233126110124 0.421985815603 0.0577264653641 0.205673758865
8 0.120337477798 0.526595744681 0.095026642984 0.0886524822695
8 0.116785079929 0.381205673759 0.134103019538 0.0886524822695
