0 0.928709990301 0.943290734824 0.0882638215325 0.0654952076677
0 0.932104752667 0.871405750799 0.0601357904947 0.055910543131
0 0.84481086324 0.904952076677 0.0717749757517 0.0495207667732
0 0.773035887488 0.86821086262 0.0756547041707 0.0591054313099
0 0.709020368574 0.73482428115 0.0989330746848 0.0830670926518
0 0.590203685742 0.626198083067 0.0921435499515 0.102236421725
0 0.473811833172 0.634984025559 0.074684772066 0.0846645367412
0 0.355480116392 0.51517571885 0.111542192047 0.126198083067
0 0.220659553831 0.356230031949 0.113482056256 0.153354632588
0 0.256547041707 0.226837060703 0.094083414161 0.172523961661
