8 0.873031496063 0.477528089888 0.125984251969 0.16532905297
8 0.78592519685 0.556179775281 0.10531496063 0.16532905297
8 0.705708661417 0.638844301766 0.0964566929134 0.166934189406
8 0.633858267717 0.709470304976 0.0846456692913 0.131621187801
8 0.53937007874 0.84430176565 0.0787401574803 0.22150882825
8 0.462598425197 0.83467094703 0.0649606299213 0.22150882825
8 0.401082677165 0.832263242376 0.0620078740157 0.210272873194
8 0.343503937008 0.829855537721 0.0531496062992 0.202247191011
8 0.292322834646 0.831460674157 0.0452755905512 0.208667736758
8 0.244586614173 0.823434991974 0.0383858267717 0.211878009631
8 0.199803149606 0.824237560193 0.0393700787402 0.219903691814
8 0.156988188976 0.822632423756 0.0423228346457 0.22632423756
8 0.257874015748 0.657303370787 0.161417322835 0.0593900481541
8 0.20718503937 0.585874799358 0.258858267717 0.083467094703
8 0.209645669291 0.500802568218 0.257874015748 0.0866773675762
8 0.202755905512 0.406099518459 0.265748031496 0.083467094703
8 0.20374015748 0.297752808989 0.279527559055 0.104333868379
8 0.200295275591 0.180577849117 0.294291338583 0.101123595506
