8 0.606271777003 0.0466351829988 0.146341463415 0.0436835891381
8 0.59756097561 0.109208972845 0.16724738676 0.0507674144038
8 0.599303135889 0.168831168831 0.16724738676 0.0519480519481
8 0.606271777003 0.235537190083 0.160278745645 0.0484061393152
8 0.6106271777 0.304014167651 0.158536585366 0.0507674144038
8 0.619337979094 0.378984651712 0.162020905923 0.0613931523022
8 0.62456445993 0.452774498229 0.172473867596 0.0625737898465
8 0.629790940767 0.532467532468 0.158536585366 0.0661157024793
8 0.634146341463 0.639905548996 0.16724738676 0.073199527745
8 0.640243902439 0.736127508855 0.182926829268 0.0909090909091
8 0.6393728223 0.861275088548 0.15331010453 0.0838252656434
8 0.647212543554 0.956316410862 0.158536585366 0.0779220779221
