9 0.449852507375 0.176800748363 0.0589970501475 0.044901777362
9 0.865044247788 0.16978484565 0.0693215339233 0.0495790458372
9 0.762536873156 0.249766136576 0.0737463126844 0.0318054256314
9 0.737463126844 0.270813844715 0.0737463126844 0.0327408793265
9 0.737463126844 0.461178671656 0.0796460176991 0.0561272217025
9 0.496312684366 0.519644527596 0.0752212389381 0.0308699719364
9 0.449852507375 0.567352666043 0.0737463126844 0.0327408793265
9 0.425516224189 0.586997193639 0.0663716814159 0.0289990645463
9 0.300884955752 0.734798877456 0.0678466076696 0.0289990645463
9 0.248525073746 0.772684752105 0.0752212389381 0.0336763330215
9 0.0892330383481 0.910196445276 0.0634218289086 0.0280636108513
9 0.799410029499 0.88868101029 0.0737463126844 0.0318054256314
9 0.766961651917 0.938727782975 0.070796460177 0.0327408793265
9 0.720501474926 0.980355472404 0.0752212389381 0.0318054256314
