8 0.0909090909091 0.350725952813 0.0754716981132 0.0934664246824
8 0.0994854202401 0.455989110708 0.0720411663808 0.117059891107
8 0.19897084048 0.345281306715 0.0754716981132 0.111615245009
8 0.17409948542 0.468693284936 0.0909090909091 0.142468239564
8 0.326758147513 0.337114337568 0.073756432247 0.11887477314
8 0.302744425386 0.496370235935 0.0771869639794 0.176043557169
8 0.444253859348 0.34891107078 0.0720411663808 0.140653357532
8 0.439965694683 0.519056261343 0.0840480274443 0.112522686025
8 0.569468267581 0.402903811252 0.0514579759863 0.201451905626
8 0.668953687822 0.444646098004 0.0617495711835 0.13611615245
8 0.459691252144 0.63112522686 0.120068610635 0.062613430127
8 0.704974271012 0.541288566243 0.140651801029 0.0553539019964
