9 0.148224043716 0.891339869281 0.0696721311475 0.106209150327
9 0.252732240437 0.766339869281 0.0573770491803 0.0980392156863
9 0.356557377049 0.799836601307 0.0546448087432 0.0996732026144
9 0.393442622951 0.903594771242 0.0355191256831 0.0980392156863
9 0.420765027322 0.718137254902 0.0655737704918 0.112745098039
9 0.412568306011 0.555555555556 0.0546448087432 0.111111111111
9 0.481557377049 0.517973856209 0.0532786885246 0.107843137255
9 0.524590163934 0.345588235294 0.0491803278689 0.093137254902
9 0.346994535519 0.378267973856 0.0601092896175 0.106209150327
9 0.210382513661 0.361928104575 0.0601092896175 0.0964052287582
