9 0.693181818182 0.881244109331 0.0539772727273 0.0508953817154
9 0.875 0.392554194156 0.0681818181818 0.0311027332705
9 0.747159090909 0.438737040528 0.0681818181818 0.0292177191329
9 0.455255681818 0.553722902922 0.0553977272727 0.0537229029218
9 0.424715909091 0.634307257304 0.0795454545455 0.0282752120641
9 0.274147727273 0.428840716305 0.0738636363636 0.0339302544769
9 0.216619318182 0.285579641847 0.0553977272727 0.0433553251649
9 0.0674715909091 0.673892554194 0.0553977272727 0.0320452403393
9 0.078125 0.695570216777 0.0539772727273 0.0320452403393
9 0.102982954545 0.732799245994 0.0667613636364 0.0311027332705
9 0.142755681818 0.781338360038 0.0809659090909 0.0339302544769
9 0.220170454545 0.8821866164 0.0710227272727 0.0301602262017
9 0.231534090909 0.908105560792 0.0795454545455 0.0329877474081
9 0.257102272727 0.932139491046 0.0738636363636 0.0282752120641
9 0.278409090909 0.955702167766 0.0653409090909 0.0301602262017
