9 0.356938483548 0.33522190746 0.0643776824034 0.0339943342776
9 0.223175965665 0.383380547686 0.071530758226 0.0339943342776
9 0.829756795422 0.2686496695 0.0543633762518 0.0443814919736
9 0.865522174535 0.750708215297 0.0572246065808 0.0472143531634
9 0.896995708155 0.80358829084 0.0457796852647 0.0491029272899
9 0.113018597997 0.593956562795 0.0400572246066 0.0453257790368
9 0.18669527897 0.580264400378 0.0386266094421 0.0368271954674
9 0.210300429185 0.551463644948 0.0429184549356 0.0415486307838
9 0.239628040057 0.538715769594 0.0386266094421 0.0368271954674
9 0.273247496423 0.530217186025 0.0457796852647 0.0406043437205
9 0.306151645207 0.513220018886 0.0515021459227 0.0462700661001
9 0.341201716738 0.501888574127 0.0472103004292 0.038715769594
9 0.378397711016 0.490084985836 0.0472103004292 0.0396600566572
9 0.409871244635 0.480642115203 0.0472103004292 0.0377714825307
9 0.431330472103 0.524551463645 0.0529327610873 0.0462700661001
9 0.467811158798 0.516525023607 0.0457796852647 0.0396600566572
9 0.473533619456 0.460812086874 0.0515021459227 0.0415486307838
9 0.502861230329 0.502360717658 0.0529327610873 0.0434372049103
