9 0.844555873926 0.308155699722 0.0845272206304 0.0268767377201
9 0.752865329513 0.309082483781 0.0730659025788 0.0231696014829
9 0.893266475645 0.575996292864 0.0386819484241 0.0546802594995
9 0.595988538682 0.331788693234 0.0401146131805 0.0556070435589
9 0.497134670487 0.52687673772 0.080229226361 0.0250231696015
9 0.489971346705 0.605653382762 0.0744985673352 0.0250231696015
9 0.486389684814 0.76969416126 0.0873925501433 0.0287303058387
9 0.484957020057 0.796570898981 0.0816618911175 0.0287303058387
9 0.480659025788 0.818813716404 0.0787965616046 0.0250231696015
9 0.476361031519 0.840593141798 0.067335243553 0.0222428174235
9 0.472779369628 0.862372567192 0.0687679083095 0.0231696014829
9 0.364613180516 0.930027803522 0.0644699140401 0.0250231696015
9 0.136819484241 0.803058387396 0.0616045845272 0.0342910101946
9 0.127507163324 0.775254865616 0.0601719197708 0.0305838739574
9 0.872492836676 0.40546802595 0.0372492836676 0.047265987025
