9 0.550147492625 0.176800748363 0.0589970501475 0.044901777362
9 0.134955752212 0.16978484565 0.0693215339233 0.0495790458372
9 0.237463126844 0.249766136576 0.0737463126844 0.0318054256314
9 0.262536873156 0.270813844715 0.0737463126844 0.0327408793265
9 0.262536873156 0.461178671656 0.0796460176991 0.0561272217025
9 0.503687315634 0.519644527596 0.0752212389381 0.0308699719364
9 0.550147492625 0.567352666043 0.0737463126844 0.0327408793265
9 0.574483775811 0.586997193639 0.0663716814159 0.0289990645463
9 0.699115044248 0.734798877456 0.0678466076696 0.0289990645463
9 0.751474926254 0.772684752105 0.0752212389381 0.0336763330215
9 0.910766961652 0.910196445276 0.0634218289086 0.0280636108513
9 0.200589970501 0.88868101029 0.0737463126844 0.0318054256314
9 0.233038348083 0.938727782975 0.070796460177 0.0327408793265
9 0.279498525074 0.980355472404 0.0752212389381 0.0318054256314
