8 0.19009009009 0.331914893617 0.185585585586 0.0382978723404
8 0.256756756757 0.271276595745 0.0594594594595 0.159574468085
8 0.401801801802 0.262234042553 0.0972972972973 0.162765957447
8 0.545945945946 0.233510638298 0.0720720720721 0.13085106383
8 0.522522522523 0.417553191489 0.0576576576577 0.198936170213
8 0.081981981982 0.451063829787 0.0666666666667 0.112765957447
8 0.217117117117 0.455319148936 0.0954954954955 0.131914893617
8 0.381081081081 0.450531914894 0.102702702703 0.141489361702
8 0.104504504505 0.632446808511 0.108108108108 0.128723404255
8 0.28018018018 0.648936170213 0.106306306306 0.134042553191
8 0.446846846847 0.659574468085 0.100900900901 0.13829787234
8 0.620720720721 0.667021276596 0.106306306306 0.142553191489
8 0.772072072072 0.701063829787 0.0666666666667 0.204255319149
