8 0.568262411348 0.17539964476 0.186170212766 0.13055062167
8 0.698581560284 0.13188277087 0.18085106383 0.137655417407
8 0.169326241135 0.452930728242 0.136524822695 0.0746003552398
8 0.170212765957 0.553285968028 0.156028368794 0.0586145648313
8 0.162234042553 0.646536412078 0.16134751773 0.0586145648313
8 0.144503546099 0.724245115453 0.16134751773 0.0666074600355
8 0.131205673759 0.796181172291 0.152482269504 0.063055062167
8 0.110815602837 0.849023090586 0.168439716312 0.0479573712256
8 0.578014184397 0.766873889876 0.205673758865 0.0577264653641
8 0.473404255319 0.879662522202 0.0886524822695 0.095026642984
8 0.618794326241 0.883214920071 0.0886524822695 0.134103019538
