8 0.407540394973 0.0563506261181 0.236983842011 0.08228980322
8 0.438061041293 0.156082289803 0.258527827648 0.0796064400716
8 0.415619389587 0.247316636852 0.296229802513 0.0491949910555
8 0.406642728905 0.315295169946 0.310592459605 0.0420393559928
8 0.408438061041 0.384615384615 0.296229802513 0.0429338103757
8 0.371633752244 0.450805008945 0.236983842011 0.0500894454383
8 0.391382405745 0.522808586762 0.283662477558 0.0581395348837
8 0.376122082585 0.59481216458 0.274685816876 0.0644007155635
8 0.426391382406 0.686940966011 0.245960502693 0.08228980322
8 0.498204667864 0.763416815742 0.224416517056 0.113595706619
8 0.591561938959 0.827817531306 0.138240574506 0.120751341682
8 0.737881508079 0.855992844365 0.0897666068223 0.118067978533
8 0.880610412926 0.864937388193 0.0771992818671 0.0966010733453
