8 0.350725952813 0.909090909091 0.0934664246824 0.0754716981132
8 0.455989110708 0.90051457976 0.117059891107 0.0720411663808
8 0.345281306715 0.80102915952 0.111615245009 0.0754716981132
8 0.468693284936 0.82590051458 0.142468239564 0.0909090909091
8 0.337114337568 0.673241852487 0.11887477314 0.073756432247
8 0.496370235935 0.697255574614 0.176043557169 0.0771869639794
8 0.34891107078 0.555746140652 0.140653357532 0.0720411663808
8 0.519056261343 0.560034305317 0.112522686025 0.0840480274443
8 0.402903811252 0.430531732419 0.201451905626 0.0514579759863
8 0.444646098004 0.331046312178 0.13611615245 0.0617495711835
8 0.63112522686 0.540308747856 0.062613430127 0.120068610635
8 0.541288566243 0.295025728988 0.0553539019964 0.140651801029
