8 0.0466351829988 0.606271777003 0.0436835891381 0.146341463415
8 0.109208972845 0.59756097561 0.0507674144038 0.16724738676
8 0.168831168831 0.599303135889 0.0519480519481 0.16724738676
8 0.235537190083 0.606271777003 0.0484061393152 0.160278745645
8 0.304014167651 0.6106271777 0.0507674144038 0.158536585366
8 0.378984651712 0.619337979094 0.0613931523022 0.162020905923
8 0.452774498229 0.62456445993 0.0625737898465 0.172473867596
8 0.532467532468 0.629790940767 0.0661157024793 0.158536585366
8 0.639905548996 0.634146341463 0.073199527745 0.16724738676
8 0.736127508855 0.640243902439 0.0909090909091 0.182926829268
8 0.861275088548 0.6393728223 0.0838252656434 0.15331010453
8 0.956316410862 0.647212543554 0.0779220779221 0.158536585366
