9 0.891339869281 0.851775956284 0.106209150327 0.0696721311475
9 0.766339869281 0.747267759563 0.0980392156863 0.0573770491803
9 0.799836601307 0.643442622951 0.0996732026144 0.0546448087432
9 0.903594771242 0.606557377049 0.0980392156863 0.0355191256831
9 0.718137254902 0.579234972678 0.112745098039 0.0655737704918
9 0.555555555556 0.587431693989 0.111111111111 0.0546448087432
9 0.517973856209 0.518442622951 0.107843137255 0.0532786885246
9 0.345588235294 0.475409836066 0.093137254902 0.0491803278689
9 0.378267973856 0.653005464481 0.106209150327 0.0601092896175
9 0.361928104575 0.789617486339 0.0964052287582 0.0601092896175
