9 0.753968253968 0.875896700143 0.0257936507937 0.06456241033
9 0.896329365079 0.618364418938 0.0267857142857 0.0746054519369
9 0.932043650794 0.594691535151 0.0267857142857 0.0703012912482
9 0.703869047619 0.406743185079 0.0248015873016 0.0674318507891
9 0.696428571429 0.634863701578 0.0257936507937 0.06456241033
9 0.635416666667 0.342180774749 0.0228174603175 0.0674318507891
9 0.435515873016 0.6456241033 0.0515873015873 0.0430416068867
9 0.352678571429 0.808464849354 0.0228174603175 0.0703012912482
9 0.298115079365 0.373744619799 0.0228174603175 0.0789096126255
9 0.284722222222 0.272596843615 0.0238095238095 0.0688665710187
9 0.273313492063 0.179340028694 0.0208333333333 0.0659971305595
9 0.662202380952 0.598995695839 0.0228174603175 0.0674318507891
