9 0.611524163569 0.148725212465 0.046468401487 0.056657223796
9 0.781598513011 0.492209631728 0.0501858736059 0.0524079320113
9 0.862453531599 0.640934844193 0.0223048327138 0.0750708215297
9 0.888940520446 0.671388101983 0.025092936803 0.0736543909348
9 0.918680297398 0.71104815864 0.025092936803 0.0821529745042
9 0.895446096654 0.880311614731 0.0399628252788 0.0779036827195
9 0.842472118959 0.785410764873 0.0511152416357 0.0382436260623
9 0.677973977695 0.545325779037 0.0566914498141 0.0368271954674
9 0.623605947955 0.468130311615 0.0539033457249 0.0382436260623
9 0.593866171004 0.43342776204 0.0483271375465 0.0368271954674
9 0.648234200743 0.818696883853 0.0362453531599 0.070821529745
9 0.627788104089 0.795325779037 0.0381040892193 0.0665722379603
9 0.582713754647 0.752124645892 0.0390334572491 0.070821529745
9 0.565520446097 0.728045325779 0.0325278810409 0.0651558073654
9 0.544144981413 0.707507082153 0.0381040892193 0.0694050991501
9 0.525092936803 0.684135977337 0.0390334572491 0.0736543909348
9 0.505576208178 0.655099150142 0.0371747211896 0.0637393767705
9 0.48373605948 0.555949008499 0.0418215613383 0.0609065155807
9 0.489776951673 0.522662889518 0.0390334572491 0.0538243626062
9 0.509758364312 0.492917847025 0.0399628252788 0.056657223796
9 0.531133828996 0.449008498584 0.025092936803 0.0764872521246
9 0.559944237918 0.460339943343 0.021375464684 0.0623229461756
9 0.580855018587 0.497875354108 0.0241635687732 0.0779036827195
9 0.487453531599 0.409348441926 0.0436802973978 0.0623229461756
9 0.467936802974 0.451133144476 0.0399628252788 0.0552407932011
9 0.44749070632 0.471671388102 0.0473977695167 0.0679886685552
9 0.429832713755 0.501416430595 0.0455390334572 0.0651558073654
9 0.414498141264 0.532577903683 0.0520446096654 0.0623229461756
9 0.401486988848 0.56940509915 0.0483271375465 0.0538243626062
9 0.391728624535 0.610481586402 0.0436802973978 0.0538243626062
9 0.383828996283 0.655099150142 0.0408921933086 0.0410764872521
9 0.372676579926 0.694759206799 0.0501858736059 0.0467422096317
9 0.354089219331 0.502124645892 0.0539033457249 0.0467422096317
9 0.344795539033 0.438385269122 0.0390334572491 0.0524079320113
9 0.397304832714 0.382436260623 0.0604089219331 0.0764872521246
9 0.43029739777 0.67776203966 0.0390334572491 0.0665722379603
9 0.453996282528 0.704674220963 0.0381040892193 0.0665722379603
9 0.496282527881 0.746458923513 0.0334572490706 0.0623229461756
9 0.514869888476 0.768413597734 0.0334572490706 0.0609065155807
9 0.532527881041 0.794617563739 0.0371747211896 0.0764872521246
9 0.554832713755 0.811614730878 0.0371747211896 0.0679886685552
9 0.574814126394 0.838526912181 0.0381040892193 0.0764872521246
9 0.527881040892 0.892351274788 0.0390334572491 0.0736543909348
9 0.485130111524 0.839235127479 0.0315985130112 0.0609065155807
9 0.461895910781 0.820113314448 0.0334572490706 0.0623229461756
9 0.418680297398 0.779745042493 0.0362453531599 0.0694050991501
9 0.394981412639 0.759206798867 0.0390334572491 0.0764872521246
9 0.130111524164 0.407932011331 0.0260223048327 0.0878186968839
