9 0.881244109331 0.306818181818 0.0508953817154 0.0539772727273
9 0.392554194156 0.125 0.0311027332705 0.0681818181818
9 0.438737040528 0.252840909091 0.0292177191329 0.0681818181818
9 0.553722902922 0.544744318182 0.0537229029218 0.0553977272727
9 0.634307257304 0.575284090909 0.0282752120641 0.0795454545455
9 0.428840716305 0.725852272727 0.0339302544769 0.0738636363636
9 0.285579641847 0.783380681818 0.0433553251649 0.0553977272727
9 0.673892554194 0.932528409091 0.0320452403393 0.0553977272727
9 0.695570216777 0.921875 0.0320452403393 0.0539772727273
9 0.732799245994 0.897017045455 0.0311027332705 0.0667613636364
9 0.781338360038 0.857244318182 0.0339302544769 0.0809659090909
9 0.8821866164 0.779829545455 0.0301602262017 0.0710227272727
9 0.908105560792 0.768465909091 0.0329877474081 0.0795454545455
9 0.932139491046 0.742897727273 0.0282752120641 0.0738636363636
9 0.955702167766 0.721590909091 0.0301602262017 0.0653409090909
