9 0.176800748363 0.449852507375 0.044901777362 0.0589970501475
9 0.16978484565 0.865044247788 0.0495790458372 0.0693215339233
9 0.249766136576 0.762536873156 0.0318054256314 0.0737463126844
9 0.270813844715 0.737463126844 0.0327408793265 0.0737463126844
9 0.461178671656 0.737463126844 0.0561272217025 0.0796460176991
9 0.519644527596 0.496312684366 0.0308699719364 0.0752212389381
9 0.567352666043 0.449852507375 0.0327408793265 0.0737463126844
9 0.586997193639 0.425516224189 0.0289990645463 0.0663716814159
9 0.734798877456 0.300884955752 0.0289990645463 0.0678466076696
9 0.772684752105 0.248525073746 0.0336763330215 0.0752212389381
9 0.910196445276 0.0892330383481 0.0280636108513 0.0634218289086
9 0.88868101029 0.799410029499 0.0318054256314 0.0737463126844
9 0.938727782975 0.766961651917 0.0327408793265 0.070796460177
9 0.980355472404 0.720501474926 0.0318054256314 0.0752212389381
