8 0.17539964476 0.431737588652 0.13055062167 0.186170212766
8 0.13188277087 0.301418439716 0.137655417407 0.18085106383
8 0.452930728242 0.830673758865 0.0746003552398 0.136524822695
8 0.553285968028 0.829787234043 0.0586145648313 0.156028368794
8 0.646536412078 0.837765957447 0.0586145648313 0.16134751773
8 0.724245115453 0.855496453901 0.0666074600355 0.16134751773
8 0.796181172291 0.868794326241 0.063055062167 0.152482269504
8 0.849023090586 0.889184397163 0.0479573712256 0.168439716312
8 0.766873889876 0.421985815603 0.0577264653641 0.205673758865
8 0.879662522202 0.526595744681 0.095026642984 0.0886524822695
8 0.883214920071 0.381205673759 0.134103019538 0.0886524822695
