8 0.18771331058 0.574074074074 0.0665529010239 0.100529100529
8 0.148037542662 0.470899470899 0.101535836177 0.0811287477954
8 0.263225255973 0.538800705467 0.0725255972696 0.220458553792
8 0.351535836177 0.521164021164 0.0733788395904 0.238095238095
8 0.176194539249 0.352733686067 0.198805460751 0.10582010582
8 0.441126279863 0.514109347443 0.0511945392491 0.195767195767
8 0.508105802048 0.467372134039 0.0537542662116 0.243386243386
8 0.463310580205 0.283950617284 0.167235494881 0.123456790123
8 0.582337883959 0.457671957672 0.0503412969283 0.343915343915
8 0.836604095563 0.743386243386 0.133959044369 0.231040564374
8 0.762798634812 0.547619047619 0.165529010239 0.343915343915
8 0.893344709898 0.496472663139 0.151877133106 0.266313932981
