8 0.174264007597 0.889784946237 0.0978157644824 0.0448028673835
8 0.177113010446 0.812724014337 0.0959164292498 0.0627240143369
8 0.174264007597 0.709677419355 0.0959164292498 0.0716845878136
8 0.17094017094 0.579749103943 0.102564102564 0.0770609318996
8 0.160018993352 0.429211469534 0.109211775878 0.094982078853
8 0.141500474834 0.239247311828 0.0968660968661 0.141577060932
8 0.374169040836 0.898745519713 0.0550807217474 0.112903225806
8 0.443969610636 0.890681003584 0.0503323836657 0.143369175627
8 0.420227920228 0.748207885305 0.0997150997151 0.073476702509
8 0.821462488129 0.422043010753 0.0683760683761 0.073476702509
8 0.828110161443 0.307347670251 0.0930674264008 0.0770609318996
8 0.84710351377 0.172043010753 0.106362773029 0.10394265233
