8 0.0768452982811 0.743650793651 0.0505561172902 0.242857142857
8 0.162285136502 0.761904761905 0.0677451971689 0.225396825397
8 0.313953488372 0.780158730159 0.150657229525 0.21746031746
8 0.43731041456 0.830952380952 0.189079878665 0.233333333333
8 0.206268958544 0.389682539683 0.268958543984 0.1
8 0.124873609707 0.202380952381 0.061678463094 0.144444444444
8 0.219413549039 0.190476190476 0.0687563195147 0.190476190476
8 0.314964610718 0.179365079365 0.0717896865521 0.234920634921
8 0.391304347826 0.459523809524 0.0606673407482 0.207936507937
8 0.502022244692 0.653174603175 0.0677451971689 0.125396825397
8 0.592517694641 0.661111111111 0.0728008088979 0.157142857143
8 0.679979777553 0.640476190476 0.0677451971689 0.201587301587
8 0.755308392315 0.612698412698 0.056622851365 0.219047619048
8 0.828109201213 0.589682539683 0.0586450960566 0.220634920635
8 0.904954499494 0.52619047619 0.0869565217391 0.214285714286
8 0.898382204247 0.346825396825 0.114256825076 0.0809523809524
8 0.900404448938 0.219841269841 0.124368048534 0.0904761904762
8 0.876137512639 0.119047619048 0.178968655207 0.114285714286
