8 0.0563506261181 0.592459605027 0.08228980322 0.236983842011
8 0.156082289803 0.561938958707 0.0796064400716 0.258527827648
8 0.247316636852 0.584380610413 0.0491949910555 0.296229802513
8 0.315295169946 0.593357271095 0.0420393559928 0.310592459605
8 0.384615384615 0.591561938959 0.0429338103757 0.296229802513
8 0.450805008945 0.628366247756 0.0500894454383 0.236983842011
8 0.522808586762 0.608617594255 0.0581395348837 0.283662477558
8 0.59481216458 0.623877917415 0.0644007155635 0.274685816876
8 0.686940966011 0.573608617594 0.08228980322 0.245960502693
8 0.763416815742 0.501795332136 0.113595706619 0.224416517056
8 0.827817531306 0.408438061041 0.120751341682 0.138240574506
8 0.855992844365 0.262118491921 0.118067978533 0.0897666068223
8 0.864937388193 0.119389587074 0.0966010733453 0.0771992818671
