8 0.909090909091 0.649274047187 0.0754716981132 0.0934664246824
8 0.90051457976 0.544010889292 0.0720411663808 0.117059891107
8 0.80102915952 0.654718693285 0.0754716981132 0.111615245009
8 0.82590051458 0.531306715064 0.0909090909091 0.142468239564
8 0.673241852487 0.662885662432 0.073756432247 0.11887477314
8 0.697255574614 0.503629764065 0.0771869639794 0.176043557169
8 0.555746140652 0.65108892922 0.0720411663808 0.140653357532
8 0.560034305317 0.480943738657 0.0840480274443 0.112522686025
8 0.430531732419 0.597096188748 0.0514579759863 0.201451905626
8 0.331046312178 0.555353901996 0.0617495711835 0.13611615245
8 0.540308747856 0.36887477314 0.120068610635 0.062613430127
8 0.295025728988 0.458711433757 0.140651801029 0.0553539019964
