9 0.875896700143 0.246031746032 0.06456241033 0.0257936507937
9 0.618364418938 0.103670634921 0.0746054519369 0.0267857142857
9 0.594691535151 0.0679563492063 0.0703012912482 0.0267857142857
9 0.406743185079 0.296130952381 0.0674318507891 0.0248015873016
9 0.634863701578 0.303571428571 0.06456241033 0.0257936507937
9 0.342180774749 0.364583333333 0.0674318507891 0.0228174603175
9 0.6456241033 0.564484126984 0.0430416068867 0.0515873015873
9 0.808464849354 0.647321428571 0.0703012912482 0.0228174603175
9 0.373744619799 0.701884920635 0.0789096126255 0.0228174603175
9 0.272596843615 0.715277777778 0.0688665710187 0.0238095238095
9 0.179340028694 0.726686507937 0.0659971305595 0.0208333333333
9 0.598995695839 0.337797619048 0.0674318507891 0.0228174603175
