9 0.148725212465 0.388475836431 0.056657223796 0.046468401487
9 0.492209631728 0.218401486989 0.0524079320113 0.0501858736059
9 0.640934844193 0.137546468401 0.0750708215297 0.0223048327138
9 0.671388101983 0.111059479554 0.0736543909348 0.025092936803
9 0.71104815864 0.0813197026022 0.0821529745042 0.025092936803
9 0.880311614731 0.104553903346 0.0779036827195 0.0399628252788
9 0.785410764873 0.157527881041 0.0382436260623 0.0511152416357
9 0.545325779037 0.322026022305 0.0368271954674 0.0566914498141
9 0.468130311615 0.376394052045 0.0382436260623 0.0539033457249
9 0.43342776204 0.406133828996 0.0368271954674 0.0483271375465
9 0.818696883853 0.351765799257 0.070821529745 0.0362453531599
9 0.795325779037 0.372211895911 0.0665722379603 0.0381040892193
9 0.752124645892 0.417286245353 0.070821529745 0.0390334572491
9 0.728045325779 0.434479553903 0.0651558073654 0.0325278810409
9 0.707507082153 0.455855018587 0.0694050991501 0.0381040892193
9 0.684135977337 0.474907063197 0.0736543909348 0.0390334572491
9 0.655099150142 0.494423791822 0.0637393767705 0.0371747211896
9 0.555949008499 0.51626394052 0.0609065155807 0.0418215613383
9 0.522662889518 0.510223048327 0.0538243626062 0.0390334572491
9 0.492917847025 0.490241635688 0.056657223796 0.0399628252788
9 0.449008498584 0.468866171004 0.0764872521246 0.025092936803
9 0.460339943343 0.440055762082 0.0623229461756 0.021375464684
9 0.497875354108 0.419144981413 0.0779036827195 0.0241635687732
9 0.409348441926 0.512546468401 0.0623229461756 0.0436802973978
9 0.451133144476 0.532063197026 0.0552407932011 0.0399628252788
9 0.471671388102 0.55250929368 0.0679886685552 0.0473977695167
9 0.501416430595 0.570167286245 0.0651558073654 0.0455390334572
9 0.532577903683 0.585501858736 0.0623229461756 0.0520446096654
9 0.56940509915 0.598513011152 0.0538243626062 0.0483271375465
9 0.610481586402 0.608271375465 0.0538243626062 0.0436802973978
9 0.655099150142 0.616171003717 0.0410764872521 0.0408921933086
9 0.694759206799 0.627323420074 0.0467422096317 0.0501858736059
9 0.502124645892 0.645910780669 0.0467422096317 0.0539033457249
9 0.438385269122 0.655204460967 0.0524079320113 0.0390334572491
9 0.382436260623 0.602695167286 0.0764872521246 0.0604089219331
9 0.67776203966 0.56970260223 0.0665722379603 0.0390334572491
9 0.704674220963 0.546003717472 0.0665722379603 0.0381040892193
9 0.746458923513 0.503717472119 0.0623229461756 0.0334572490706
9 0.768413597734 0.485130111524 0.0609065155807 0.0334572490706
9 0.794617563739 0.467472118959 0.0764872521246 0.0371747211896
9 0.811614730878 0.445167286245 0.0679886685552 0.0371747211896
9 0.838526912181 0.425185873606 0.0764872521246 0.0381040892193
9 0.892351274788 0.472118959108 0.0736543909348 0.0390334572491
9 0.839235127479 0.514869888476 0.0609065155807 0.0315985130112
9 0.820113314448 0.538104089219 0.0623229461756 0.0334572490706
9 0.779745042493 0.581319702602 0.0694050991501 0.0362453531599
9 0.759206798867 0.605018587361 0.0764872521246 0.0390334572491
9 0.407932011331 0.869888475836 0.0878186968839 0.0260223048327
