9 0.643061516452 0.66477809254 0.0643776824034 0.0339943342776
9 0.776824034335 0.616619452314 0.071530758226 0.0339943342776
9 0.170243204578 0.7313503305 0.0543633762518 0.0443814919736
9 0.134477825465 0.249291784703 0.0572246065808 0.0472143531634
9 0.103004291845 0.19641170916 0.0457796852647 0.0491029272899
9 0.886981402003 0.406043437205 0.0400572246066 0.0453257790368
9 0.81330472103 0.419735599622 0.0386266094421 0.0368271954674
9 0.789699570815 0.448536355052 0.0429184549356 0.0415486307838
9 0.760371959943 0.461284230406 0.0386266094421 0.0368271954674
9 0.726752503577 0.469782813975 0.0457796852647 0.0406043437205
9 0.693848354793 0.486779981114 0.0515021459227 0.0462700661001
9 0.658798283262 0.498111425873 0.0472103004292 0.038715769594
9 0.621602288984 0.509915014164 0.0472103004292 0.0396600566572
9 0.590128755365 0.519357884797 0.0472103004292 0.0377714825307
9 0.568669527897 0.475448536355 0.0529327610873 0.0462700661001
9 0.532188841202 0.483474976393 0.0457796852647 0.0396600566572
9 0.526466380544 0.539187913126 0.0515021459227 0.0415486307838
9 0.497138769671 0.497639282342 0.0529327610873 0.0434372049103
