9 0.155444126074 0.691844300278 0.0845272206304 0.0268767377201
9 0.247134670487 0.690917516219 0.0730659025788 0.0231696014829
9 0.106733524355 0.424003707136 0.0386819484241 0.0546802594995
9 0.404011461318 0.668211306766 0.0401146131805 0.0556070435589
9 0.502865329513 0.47312326228 0.080229226361 0.0250231696015
9 0.510028653295 0.394346617238 0.0744985673352 0.0250231696015
9 0.513610315186 0.23030583874 0.0873925501433 0.0287303058387
9 0.515042979943 0.203429101019 0.0816618911175 0.0287303058387
9 0.519340974212 0.181186283596 0.0787965616046 0.0250231696015
9 0.523638968481 0.159406858202 0.067335243553 0.0222428174235
9 0.527220630372 0.137627432808 0.0687679083095 0.0231696014829
9 0.635386819484 0.0699721964782 0.0644699140401 0.0250231696015
9 0.863180515759 0.196941612604 0.0616045845272 0.0342910101946
9 0.872492836676 0.224745134384 0.0601719197708 0.0305838739574
9 0.127507163324 0.59453197405 0.0372492836676 0.047265987025
