8 0.889784946237 0.825735992403 0.0448028673835 0.0978157644824
8 0.812724014337 0.822886989554 0.0627240143369 0.0959164292498
8 0.709677419355 0.825735992403 0.0716845878136 0.0959164292498
8 0.579749103943 0.82905982906 0.0770609318996 0.102564102564
8 0.429211469534 0.839981006648 0.094982078853 0.109211775878
8 0.239247311828 0.858499525166 0.141577060932 0.0968660968661
8 0.898745519713 0.625830959164 0.112903225806 0.0550807217474
8 0.890681003584 0.556030389364 0.143369175627 0.0503323836657
8 0.748207885305 0.579772079772 0.073476702509 0.0997150997151
8 0.422043010753 0.178537511871 0.073476702509 0.0683760683761
8 0.307347670251 0.171889838557 0.0770609318996 0.0930674264008
8 0.172043010753 0.15289648623 0.10394265233 0.106362773029
