4 0.183572216097 0.404925544101 0.0474090407938 0.0927835051546
4 0.237596471885 0.402634593356 0.0496141124587 0.0927835051546
4 0.305402425579 0.402634593356 0.0485115766262 0.0927835051546
4 0.358875413451 0.400343642612 0.0474090407938 0.0950744558992
5 0.204520396913 0.506300114548 0.0341786108049 0.0618556701031
5 0.247519294377 0.506872852234 0.0341786108049 0.0630011454754
5 0.302094818082 0.504581901489 0.0352811466373 0.0652920962199
5 0.362183020948 0.502290950745 0.0385887541345 0.0652920962199
5 0.332965821389 0.605956471936 0.0396912899669 0.077892325315
2 0.233186328556 0.719931271478 0.16427783903 0.294387170676
4 0.341234840132 0.70618556701 0.0496141124587 0.0927835051546
4 0.341234840132 0.806987399771 0.0496141124587 0.0882016036655
