2 0.697139303483 0.461538461538 0.162935323383 0.352071005917
4 0.514303482587 0.676775147929 0.0261194029851 0.0562130177515
4 0.542599502488 0.676035502959 0.0254975124378 0.0562130177515
4 0.571206467662 0.676775147929 0.0254975124378 0.0576923076923
4 0.600124378109 0.677144970414 0.0248756218905 0.0569526627219
4 0.629975124378 0.677144970414 0.0261194029851 0.0569526627219
4 0.657338308458 0.677514792899 0.0248756218905 0.0562130177515
4 0.514614427861 0.734837278107 0.0254975124378 0.0569526627219
4 0.542910447761 0.735946745562 0.0261194029851 0.0576923076923
4 0.570584577114 0.733727810651 0.0254975124378 0.0562130177515
4 0.60105721393 0.735207100592 0.0267412935323 0.0591715976331
4 0.629353233831 0.735946745562 0.0261194029851 0.060650887574
4 0.657649253731 0.736686390533 0.0267412935323 0.060650887574
5 0.76710199005 0.737426035503 0.0230099502488 0.0532544378698
5 0.0833333333333 0.789940828402 0.0199004975124 0.0502958579882
5 0.106965174129 0.792159763314 0.021144278607 0.0532544378698
5 0.12842039801 0.790310650888 0.0192786069652 0.0480769230769
5 0.150808457711 0.791050295858 0.0217661691542 0.0495562130178
5 0.173507462687 0.790310650888 0.0199004975124 0.0495562130178
5 0.702114427861 0.736316568047 0.0223880597015 0.0510355029586
5 0.735074626866 0.737056213018 0.023631840796 0.0510355029586
