8 0.592459605027 0.943649373882 0.236983842011 0.08228980322
8 0.561938958707 0.843917710197 0.258527827648 0.0796064400716
8 0.584380610413 0.752683363148 0.296229802513 0.0491949910555
8 0.593357271095 0.684704830054 0.310592459605 0.0420393559928
8 0.591561938959 0.615384615385 0.296229802513 0.0429338103757
8 0.628366247756 0.549194991055 0.236983842011 0.0500894454383
8 0.608617594255 0.477191413238 0.283662477558 0.0581395348837
8 0.623877917415 0.40518783542 0.274685816876 0.0644007155635
8 0.573608617594 0.313059033989 0.245960502693 0.08228980322
8 0.501795332136 0.236583184258 0.224416517056 0.113595706619
8 0.408438061041 0.172182468694 0.138240574506 0.120751341682
8 0.262118491921 0.144007155635 0.0897666068223 0.118067978533
8 0.119389587074 0.135062611807 0.0771992818671 0.0966010733453
