2 0.742340686275 0.845425867508 0.146446078431 0.105678233438
4 0.719669117647 0.839511041009 0.0275735294118 0.0607255520505
4 0.767769607843 0.845425867508 0.0294117647059 0.0615141955836
2 0.453737745098 0.227523659306 0.151348039216 0.172712933754
4 0.786151960784 0.761041009464 0.0514705882353 0.0504731861199
4 0.425857843137 0.207018927445 0.0379901960784 0.0654574132492
4 0.45006127451 0.217271293375 0.0373774509804 0.0654574132492
4 0.474571078431 0.227129337539 0.0361519607843 0.0662460567823
4 0.45618872549 0.116719242902 0.0373774509804 0.0646687697161
4 0.481924019608 0.127365930599 0.0373774509804 0.0654574132492
4 0.50612745098 0.139984227129 0.0392156862745 0.0670347003155
