2 0.857712765957 0.672923322684 0.120212765957 0.305111821086
2 0.407712765957 0.776757188498 0.164361702128 0.123003194888
4 0.452393617021 0.681908945687 0.0191489361702 0.0491214057508
4 0.43085106383 0.683506389776 0.0191489361702 0.0491214057508
4 0.410505319149 0.684704472843 0.0188829787234 0.0483226837061
4 0.389893617021 0.685103833866 0.0196808510638 0.0483226837061
4 0.369281914894 0.685702875399 0.0204787234043 0.0479233226837
4 0.34920212766 0.686301916933 0.0196808510638 0.0483226837061
2 0.153058510638 0.834664536741 0.0928191489362 0.055910543131
2 0.0160904255319 0.579872204473 0.0311170212766 0.055910543131
