4 0.112986270023 0.740728021978 0.0257437070938 0.0927197802198
2 0.629004576659 0.21771978022 0.233409610984 0.288461538462
2 0.690360411899 0.746909340659 0.102116704805 0.129807692308
2 0.893878718535 0.724244505495 0.0646453089245 0.278159340659
4 0.679204805492 0.74793956044 0.0180205949657 0.0782967032967
4 0.698941647597 0.747252747253 0.0191647597254 0.081043956044
5 0.720251716247 0.745535714286 0.0148741418764 0.0611263736264
4 0.592105263158 0.17239010989 0.0205949656751 0.0906593406593
4 0.616132723112 0.17239010989 0.0205949656751 0.0906593406593
4 0.639874141876 0.170673076923 0.0228832951945 0.0913461538462
4 0.663901601831 0.168956043956 0.0205949656751 0.0879120879121
4 0.592820366133 0.272664835165 0.020881006865 0.0851648351648
4 0.617133867277 0.270947802198 0.020881006865 0.084478021978
4 0.641733409611 0.268543956044 0.0214530892449 0.0851648351648
4 0.664902745995 0.266826923077 0.0185926773455 0.0817307692308
5 0.680062929062 0.168269230769 0.0117276887872 0.0576923076923
5 0.680778032037 0.252747252747 0.0137299771167 0.0590659340659
4 0.892448512586 0.67032967033 0.0366132723112 0.0480769230769
4 0.892591533181 0.721840659341 0.0351830663616 0.043956043956
4 0.892877574371 0.771978021978 0.0357551487414 0.0412087912088
