2 0.830194063927 0.888800761421 0.178082191781 0.0828045685279
4 0.799372146119 0.888166243655 0.0211187214612 0.0409263959391
4 0.820633561644 0.888166243655 0.0202625570776 0.0409263959391
4 0.841894977169 0.888324873096 0.0199771689498 0.0412436548223
4 0.86372716895 0.887214467005 0.0219748858447 0.0415609137056
2 0.489726027397 0.549651015228 0.0787671232877 0.183692893401
4 0.489012557078 0.498572335025 0.0408105022831 0.0256979695431
4 0.487014840183 0.61135786802 0.0430936073059 0.0266497461929
2 0.165810502283 0.131027918782 0.143264840183 0.0996192893401
4 0.147402968037 0.128489847716 0.0219748858447 0.0450507614213
4 0.169948630137 0.131979695431 0.021404109589 0.0450507614213
4 0.191923515982 0.13277284264 0.0202625570776 0.0428299492386
