2 0.421912114014 0.212191358025 0.253562945368 0.31841563786
4 0.202494061758 0.204989711934 0.0451306413302 0.0601851851852
4 0.23960807601 0.197273662551 0.0469121140143 0.0601851851852
4 0.169536817102 0.301183127572 0.0362232779097 0.0612139917695
5 0.0866983372922 0.305041152263 0.0237529691211 0.0442386831276
5 0.12054631829 0.305298353909 0.0225653206651 0.0447530864198
5 0.0374109263658 0.372427983539 0.0249406175772 0.0432098765432
5 0.0706650831354 0.373199588477 0.0225653206651 0.0447530864198
4 0.59026128266 0.140946502058 0.0475059382423 0.0586419753086
4 0.604809976247 0.195730452675 0.0445368171021 0.0601851851852
4 0.618171021378 0.251543209877 0.0498812351544 0.0586419753086
