2 0.845425867508 0.257659313725 0.105678233438 0.146446078431
4 0.839511041009 0.280330882353 0.0607255520505 0.0275735294118
4 0.845425867508 0.232230392157 0.0615141955836 0.0294117647059
2 0.227523659306 0.546262254902 0.172712933754 0.151348039216
4 0.761041009464 0.213848039216 0.0504731861199 0.0514705882353
4 0.207018927445 0.574142156863 0.0654574132492 0.0379901960784
4 0.217271293375 0.54993872549 0.0654574132492 0.0373774509804
4 0.227129337539 0.525428921569 0.0662460567823 0.0361519607843
4 0.116719242902 0.54381127451 0.0646687697161 0.0373774509804
4 0.127365930599 0.518075980392 0.0654574132492 0.0373774509804
4 0.139984227129 0.49387254902 0.0670347003155 0.0392156862745
