11 0.4660284126 0.76215840667 0.373687461396 0.265400648448
11 0.289376158122 0.127605372858 0.26868437307 0.204261232052
10 0.787214329833 0.154006484484 0.302038295244 0.21815655396
12 0.0210006176652 0.953450671607 0.0407659048796 0.0847614636406
12 0.231624459543 0.794117647059 0.210006176652 0.0560444650301
12 0.315009264978 0.951829550718 0.0926497838172 0.0296433534044
12 0.870290302656 0.911301528485 0.15194564546 0.0477072718851
12 0.920012353305 0.935155164428 0.105620753552 0.0379805465493
12 0.753242742434 0.774664196387 0.0660901791229 0.0310328855952
12 0.848980852378 0.748957850857 0.0500308832613 0.0277906438166
12 0.936380481779 0.720704029643 0.0444718962322 0.0611394163965
12 0.891290920321 0.632700324224 0.0457072266831 0.0666975451598
12 0.493514515133 0.642658638258 0.0395305744287 0.0477072718851
12 0.538912909203 0.648216767022 0.0574428659666 0.0912459471978
12 0.586781964175 0.458777211672 0.0988264360716 0.0319592403891
12 0.74150710315 0.487725798981 0.0982087708462 0.0296433534044
12 0.916615194565 0.104909680408 0.156886967264 0.0477072718851
12 0.0305744286597 0.142195460862 0.0562075355158 0.0185270958777
12 0.156578134651 0.129458082446 0.15873996294 0.0301065308013
12 0.127856701668 0.160259379342 0.171710932674 0.0296433534044
