2 0.888800761421 0.169805936073 0.0828045685279 0.178082191781
4 0.888166243655 0.200627853881 0.0409263959391 0.0211187214612
4 0.888166243655 0.179366438356 0.0409263959391 0.0202625570776
4 0.888324873096 0.158105022831 0.0412436548223 0.0199771689498
4 0.887214467005 0.13627283105 0.0415609137056 0.0219748858447
2 0.549651015228 0.510273972603 0.183692893401 0.0787671232877
4 0.498572335025 0.510987442922 0.0256979695431 0.0408105022831
4 0.61135786802 0.512985159817 0.0266497461929 0.0430936073059
2 0.131027918782 0.834189497717 0.0996192893401 0.143264840183
4 0.128489847716 0.852597031963 0.0450507614213 0.0219748858447
4 0.131979695431 0.830051369863 0.0450507614213 0.021404109589
4 0.13277284264 0.808076484018 0.0428299492386 0.0202625570776
