2 0.672923322684 0.142553191489 0.305111821086 0.120212765957
2 0.776757188498 0.592553191489 0.123003194888 0.164361702128
4 0.681908945687 0.547606382979 0.0491214057508 0.0191489361702
4 0.683506389776 0.56914893617 0.0491214057508 0.0191489361702
4 0.684704472843 0.589494680851 0.0483226837061 0.0188829787234
4 0.685103833866 0.610106382979 0.0483226837061 0.0196808510638
4 0.685702875399 0.630718085106 0.0479233226837 0.0204787234043
4 0.686301916933 0.65079787234 0.0483226837061 0.0196808510638
2 0.834664536741 0.847207446809 0.055910543131 0.0928191489362
2 0.579872204473 0.984175531915 0.055910543131 0.0311170212766
