2 0.257659313725 0.154574132492 0.146446078431 0.105678233438
4 0.280330882353 0.160488958991 0.0275735294118 0.0607255520505
4 0.232230392157 0.154574132492 0.0294117647059 0.0615141955836
2 0.546262254902 0.772476340694 0.151348039216 0.172712933754
4 0.213848039216 0.238958990536 0.0514705882353 0.0504731861199
4 0.574142156863 0.792981072555 0.0379901960784 0.0654574132492
4 0.54993872549 0.782728706625 0.0373774509804 0.0654574132492
4 0.525428921569 0.772870662461 0.0361519607843 0.0662460567823
4 0.54381127451 0.883280757098 0.0373774509804 0.0646687697161
4 0.518075980392 0.872634069401 0.0373774509804 0.0654574132492
4 0.49387254902 0.860015772871 0.0392156862745 0.0670347003155
