11 0.76215840667 0.5339715874 0.265400648448 0.373687461396
11 0.127605372858 0.710623841878 0.204261232052 0.26868437307
10 0.154006484484 0.212785670167 0.21815655396 0.302038295244
12 0.953450671607 0.978999382335 0.0847614636406 0.0407659048796
12 0.794117647059 0.768375540457 0.0560444650301 0.210006176652
12 0.951829550718 0.684990735022 0.0296433534044 0.0926497838172
12 0.911301528485 0.129709697344 0.0477072718851 0.15194564546
12 0.935155164428 0.0799876466955 0.0379805465493 0.105620753552
12 0.774664196387 0.246757257566 0.0310328855952 0.0660901791229
12 0.748957850857 0.151019147622 0.0277906438166 0.0500308832613
12 0.720704029643 0.0636195182211 0.0611394163965 0.0444718962322
12 0.632700324224 0.108709079679 0.0666975451598 0.0457072266831
12 0.642658638258 0.506485484867 0.0477072718851 0.0395305744287
12 0.648216767022 0.461087090797 0.0912459471978 0.0574428659666
12 0.458777211672 0.413218035825 0.0319592403891 0.0988264360716
12 0.487725798981 0.25849289685 0.0296433534044 0.0982087708462
12 0.104909680408 0.0833848054355 0.0477072718851 0.156886967264
12 0.142195460862 0.96942557134 0.0185270958777 0.0562075355158
12 0.129458082446 0.843421865349 0.0301065308013 0.15873996294
12 0.160259379342 0.872143298332 0.0296433534044 0.171710932674
