2 0.169805936073 0.111199238579 0.178082191781 0.0828045685279
4 0.200627853881 0.111833756345 0.0211187214612 0.0409263959391
4 0.179366438356 0.111833756345 0.0202625570776 0.0409263959391
4 0.158105022831 0.111675126904 0.0199771689498 0.0412436548223
4 0.13627283105 0.112785532995 0.0219748858447 0.0415609137056
2 0.510273972603 0.450348984772 0.0787671232877 0.183692893401
4 0.510987442922 0.501427664975 0.0408105022831 0.0256979695431
4 0.512985159817 0.38864213198 0.0430936073059 0.0266497461929
2 0.834189497717 0.868972081218 0.143264840183 0.0996192893401
4 0.852597031963 0.871510152284 0.0219748858447 0.0450507614213
4 0.830051369863 0.868020304569 0.021404109589 0.0450507614213
4 0.808076484018 0.86722715736 0.0202625570776 0.0428299492386
