2 0.142553191489 0.327476038339 0.120212765957 0.305111821086
2 0.592553191489 0.223642172524 0.164361702128 0.123003194888
4 0.547606382979 0.318091054313 0.0191489361702 0.0491214057508
4 0.56914893617 0.316493610224 0.0191489361702 0.0491214057508
4 0.589494680851 0.315295527157 0.0188829787234 0.0483226837061
4 0.610106382979 0.314896166134 0.0196808510638 0.0483226837061
4 0.630718085106 0.314297124601 0.0204787234043 0.0479233226837
4 0.65079787234 0.313698083067 0.0196808510638 0.0483226837061
2 0.847207446809 0.165335463259 0.0928191489362 0.055910543131
2 0.984175531915 0.420127795527 0.0311170212766 0.055910543131
